[{"id": 0, "img_name": "DSC05572.jpg", "width": 1264, "height": 832, "position": [3.1404339644832397, 0.18188197960281, -3.563482533678278], "rotation": [[0.9979604943324005, 0.011462677284412257, -0.06279696474594969], [-0.04072327873048568, 0.8718824481262268, -0.4880190684992303], [0.049157566266748824, 0.4895810491419074, 0.8705710367338437]], "fy": 1040.192756666184, "fx": 1040.007303759328}, {"id": 1, "img_name": "DSC05573.jpg", "width": 1264, "height": 832, "position": [3.33556638847436, 1.306386287862259, -2.957697290551365], "rotation": [[0.9997802852533486, -0.019623769394678754, 0.00736809971954897], [0.020917397258199133, 0.9567833663374836, -0.29004836216026997], [-0.0013578330808429269, 0.29013875572673314, 0.9569836251026804]], "fy": 1040.192756666184, "fx": 1040.007303759328}, {"id": 2, "img_name": "DSC05574.jpg", "width": 1264, "height": 832, "position": [3.1917627022376367, 1.985135990408217, -2.91312358356598], "rotation": [[0.9994487134606661, -0.030319366883906088, 0.013527939738871115], [0.026347804633456463, 0.9722491250646677, 0.23245952766446368], [-0.02020055327996338, -0.23197494434258936, 0.9725119859644076]], "fy": 1040.192756666184, "fx": 1040.007303759328}, {"id": 3, "img_name": "DSC05575.jpg", "width": 1264, "height": 832, "position": [1.2858015246782324, -0.09499662960717997, -2.7754190260258196], "rotation": [[0.9990757434189459, 0.006435158689905176, 0.04249997228841889], [0.017132556032579863, 0.8471838777059787, -0.5310234955996314], [-0.03942251178795114, 0.5312608267957435, 0.8462906117148126]], "fy": 1040.192756666184, "fx": 1040.007303759328}, {"id": 4, "img_name": "DSC05576.jpg", "width": 1264, "height": 832, "position": [1.2269163665056044, 1.0385469677834065, -2.2262117331643454], "rotation": [[0.9992466142796186, -0.02866598505202291, 0.026162284910084013], [0.03583861064376682, 0.9402491060706772, -0.33859594285876615], [-0.014892878762807867, 0.33927846945288104, 0.9405680848975615]], "fy": 1040.192756666184, "fx": 1040.007303759328}, {"id": 5, "img_name": "DSC05577.jpg", "width": 1264, "height": 832, "position": [1.283384523631019, 1.5162406080257367, -2.1222390266725393], "rotation": [[0.9969517839766932, -0.012040488394896187, 0.07708545300445042], [-0.0019866754569749278, 0.9837820019797795, 0.17935725717485146], [-0.07799483025379067, -0.1789636812872084, 0.9807593013751196]], "fy": 1040.192756666184, "fx": 1040.007303759328}, {"id": 6, "img_name": "DSC05578.jpg", "width": 1264, "height": 832, "position": [-1.352661673188986, -0.18436363683109389, -2.542336988602503], "rotation": [[0.9987608879830355, 0.003017233173108942, 0.04967479178937085], [0.020517018073378246, 0.8844231791272694, -0.4662345892271297], [-0.04534027574590747, 0.4666760509458278, 0.8832653751103866]], "fy": 1040.192756666184, "fx": 1040.007303759328}, {"id": 7, "img_name": "DSC05579.jpg", "width": 1264, "height": 832, "position": [-1.3367190000309777, 1.077548978008789, -1.8527493559894634], "rotation": [[0.9997651564564491, -0.01220666541334949, 0.017906123396714827], [0.01727006864799603, 0.947914952161883, -0.3180550081303998], [-0.013091091035713766, 0.3182895549455271, 0.9479031504051841]], "fy": 1040.192756666184, "fx": 1040.007303759328}, {"id": 8, "img_name": "DSC05580.jpg", "width": 1264, "height": 832, "position": [-1.3242316246346326, 1.294566612265396, -1.8109405302560735], "rotation": [[0.9993242842325004, 8.803976661275154e-05, 0.0367555056039219], [-0.008737326011649152, 0.9719013927763069, 0.2352261504459928], [-0.03570201783326256, -0.23538834926239274, 0.9712454329128962]], "fy": 1040.192756666184, "fx": 1040.007303759328}, {"id": 9, "img_name": "DSC05581.jpg", "width": 1264, "height": 832, "position": [-4.7406036743143, 0.09130708479285343, -3.6414995690971264], "rotation": [[0.9871002801349518, -0.010443182230152722, 0.15976225118095863], [0.09234857771267616, 0.8522796435652786, -0.5148700315212447], [-0.1307852329276731, 0.5229821690164488, 0.8422498879423523]], "fy": 1040.192756666184, "fx": 1040.007303759328}, {"id": 10, "img_name": "DSC05582.jpg", "width": 1264, "height": 832, "position": [-4.756853567748849, 1.086253854071792, -2.8969467266021804], "rotation": [[0.9969961138992909, -0.05938461413048585, 0.04972138849917117], [0.06757447505107772, 0.9806484913152136, -0.18374500483759243], [-0.03784757840712514, 0.18655295249812823, 0.9817156190684488]], "fy": 1040.192756666184, "fx": 1040.007303759328}, {"id": 11, "img_name": "DSC05583.jpg", "width": 1264, "height": 832, "position": [-3.9184957174684145, 1.4563089294379237, -2.855303659260614], "rotation": [[0.9701682597919045, -0.14361799226835045, 0.195313645168882], [0.06453046019408609, 0.9295579622058764, 0.3629845927953388], [-0.23368647243579888, -0.33955245131859446, 0.9110953657022113]], "fy": 1040.192756666184, "fx": 1040.007303759328}, {"id": 12, "img_name": "DSC05584.jpg", "width": 1264, "height": 832, "position": [-5.483188163120405, 1.9706536654328117, -4.966336018413372], "rotation": [[0.09126653496627986, 0.9953982387944834, 0.02920215403166837], [-0.9948681272945976, 0.08985326308120455, 0.04651666805565621], [0.043678700628442445, -0.033297707406070666, 0.9984905777186436]], "fy": 1040.192756666184, "fx": 1040.007303759328}, {"id": 13, "img_name": "DSC05585.jpg", "width": 1264, "height": 832, "position": [-5.53563705574611, 1.6018226568056904, -5.176712081935186], "rotation": [[0.08627037599403535, 0.988377343617219, -0.12517047914751075], [-0.8172550729991628, -0.0016466978833344552, -0.5762737492227233], [-0.5697820354161588, 0.15201156209397587, 0.8076143368630652]], "fy": 1040.192756666184, "fx": 1040.007303759328}, {"id": 14, "img_name": "DSC05586.jpg", "width": 1264, "height": 832, "position": [-5.677501764787482, 0.503632538020866, -4.398340478244811], "rotation": [[0.6962567049436693, 0.08567924893848278, 0.7126609762869872], [0.2807534612521939, 0.8812469930748958, -0.380238387319544], [-0.6606088818778455, 0.46482556244013956, 0.589519381942876]], "fy": 1040.192756666184, "fx": 1040.007303759328}, {"id": 15, "img_name": "DSC05587.jpg", "width": 1264, "height": 832, "position": [-5.331882051104457, 1.3451655648448446, -3.7437727587937375], "rotation": [[0.6400860226782953, -0.15433255732817194, 0.7526429069089984], [0.31537157961997453, 0.9460618470156983, -0.07421420611478358], [-0.7005930704338168, 0.28486565845989925, 0.654233067255336]], "fy": 1040.192756666184, "fx": 1040.007303759328}, {"id": 16, "img_name": "DSC05588.jpg", "width": 1264, "height": 832, "position": [-4.8355340821573405, 1.728435794443147, -3.886668744984122], "rotation": [[0.6390164075454882, -0.3775398444520166, 0.670165424905527], [0.2619981717567121, 0.9259914475992267, 0.2718396530479488], [-0.7231977522668327, 0.0018721175806960505, 0.6906384772744457]], "fy": 1040.192756666184, "fx": 1040.007303759328}, {"id": 17, "img_name": "DSC05589.jpg", "width": 1264, "height": 832, "position": [-3.3932683340028085, 0.376839600365158, -3.593862808696153], "rotation": [[-0.003832016670929903, 0.06735320606580353, 0.9977218356239833], [0.3814592559041671, 0.9223838248762123, -0.060802267159770586], [-0.9243777105346451, 0.3803572337150779, -0.02922709406254319]], "fy": 1040.192756666184, "fx": 1040.007303759328}, {"id": 18, "img_name": "DSC05590.jpg", "width": 1264, "height": 832, "position": [-3.2695866171132715, 1.4456467841233722, -3.1678141990379385], "rotation": [[-0.033644487533056516, -0.2149070087887903, 0.9760548273699039], [0.4427319042091745, 0.8723535065883226, 0.20733504416372978], [-0.8960226054369143, 0.439106293642567, 0.06579630255212994]], "fy": 1040.192756666184, "fx": 1040.007303759328}, {"id": 19, "img_name": "DSC05591.jpg", "width": 1264, "height": 832, "position": [-3.274135915134548, 1.7213862815543688, -3.0565321637695697], "rotation": [[-0.0553869126025372, -0.7526149805438378, 0.6561272597395703], [0.4213619043107966, 0.5781352482967774, 0.6987229638937043], [-0.9051996661002136, 0.3151671393686564, 0.28510215494492497]], "fy": 1040.192756666184, "fx": 1040.007303759328}, {"id": 20, "img_name": "DSC05592.jpg", "width": 1264, "height": 832, "position": [-3.189981166369364, -0.857933583128108, -1.3185276410088587], "rotation": [[-0.0054936026117048285, 0.17205508920418486, 0.9850720108749841], [0.3901794670935007, 0.907374084067995, -0.15630820522416294], [-0.9207224358018958, 0.383496177087474, -0.07211711565444276]], "fy": 1040.192756666184, "fx": 1040.007303759328}, {"id": 21, "img_name": "DSC05593.jpg", "width": 1264, "height": 832, "position": [-3.037055157943339, -0.22201532104011124, -1.0582994783219666], "rotation": [[0.0010921123888011802, -0.09827859031522457, 0.995158342162785], [0.42642763486923885, 0.9001884835349263, 0.08843170433117778], [-0.9045210221494895, 0.4242664408090062, 0.04289181382152873]], "fy": 1040.192756666184, "fx": 1040.007303759328}, {"id": 22, "img_name": "DSC05594.jpg", "width": 1264, "height": 832, "position": [-3.1275894713795775, 0.7786800850411031, -0.6269260159509816], "rotation": [[-0.03674702260673988, -0.34876526237983047, 0.9364894276427618], [0.40751584148413117, 0.8504333483200177, 0.33270701676502684], [-0.912458489614196, 0.39386026941331803, 0.11087647590290928]], "fy": 1040.192756666184, "fx": 1040.007303759328}, {"id": 23, "img_name": "DSC05595.jpg", "width": 1264, "height": 832, "position": [-3.1366595501747803, 0.8497186065582762, -0.5894355746248423], "rotation": [[-0.022469867944547802, -0.6793167243641607, 0.7335011199948516], [0.4094678937076612, 0.663072666330662, 0.626634409514637], [-0.9120477778368665, 0.3144255510678059, 0.2632592330356915]], "fy": 1040.192756666184, "fx": 1040.007303759328}, {"id": 24, "img_name": "DSC05596.jpg", "width": 1264, "height": 832, "position": [-3.3459632929580683, -2.152967190518713, 1.3838762868533843], "rotation": [[-0.0879905248103987, 0.18096115920015782, 0.9795461839058562], [0.42546568528207995, 0.8959758435194096, -0.12730372530736161], [-0.9006867480933871, 0.4055617668008379, -0.15583014829724728]], "fy": 1040.192756666184, "fx": 1040.007303759328}, {"id": 25, "img_name": "DSC05597.jpg", "width": 1264, "height": 832, "position": [-3.042611056948163, -1.2820233166280135, 1.8089417157403929], "rotation": [[-0.08574486586945143, -0.06622654312042778, 0.9941136066684472], [0.4210838219434053, 0.901884187215208, 0.09640190739139085], [-0.9029597072264987, 0.4268711255607269, -0.04944501277129783]], "fy": 1040.192756666184, "fx": 1040.007303759328}, {"id": 26, "img_name": "DSC05598.jpg", "width": 1264, "height": 832, "position": [-3.0961772693219247, -0.47419016764554084, 2.190864447742812], "rotation": [[-0.08416277947091312, -0.3230640148780434, 0.9426273223509966], [0.43885942015308016, 0.8372777843641247, 0.32614156612306305], [-0.8946055197094597, 0.44112986081332267, 0.07131206072037166]], "fy": 1040.192756666184, "fx": 1040.007303759328}, {"id": 27, "img_name": "DSC05599.jpg", "width": 1264, "height": 832, "position": [-3.1725704747582566, -0.3368931682595918, 2.2231839262866426], "rotation": [[-0.09426797079565127, -0.7661497189673522, 0.6357107501122801], [0.3908203238887529, 0.5588135076779531, 0.7314280129118329], [-0.9156271206760755, 0.31739891581873725, 0.24674866589209674]], "fy": 1040.192756666184, "fx": 1040.007303759328}, {"id": 28, "img_name": "DSC05600.jpg", "width": 1264, "height": 832, "position": [-2.6199771560358593, -2.4379430433984317, 2.238391524530268], "rotation": [[-0.7519059141406009, 0.17958664562837248, 0.6343391309010793], [0.2731295815126693, 0.9605814733613629, 0.051802169236696], [-0.6000314391622338, 0.21220713877450617, -0.7713173162000424]], "fy": 1040.192756666184, "fx": 1040.007303759328}, {"id": 29, "img_name": "DSC05601.jpg", "width": 1264, "height": 832, "position": [-2.5154550666957087, -1.8692460028397744, 2.392678200130235], "rotation": [[-0.7398838660870742, -0.022724300167450737, 0.6723507052766015], [0.302749000288793, 0.8812578107266763, 0.3629431275797382], [-0.6007619391474299, 0.47208926826938696, -0.6451486768619262]], "fy": 1040.192756666184, "fx": 1040.007303759328}, {"id": 30, "img_name": "DSC05602.jpg", "width": 1264, "height": 832, "position": [-2.4292676672745097, -1.359002498282155, 2.5461822991273046], "rotation": [[-0.7355833769500794, -0.34536229466286333, 0.5827881098477551], [0.323275653018927, 0.5770575123454929, 0.7499983197386629], [-0.595323397591514, 0.7400875035229502, -0.3128266922902575]], "fy": 1040.192756666184, "fx": 1040.007303759328}, {"id": 31, "img_name": "DSC05603.jpg", "width": 1264, "height": 832, "position": [-3.1314972999245523, -2.4375041638995967, 2.3022082907744146], "rotation": [[-0.9955365024593114, 0.014851991284070745, -0.09320134455027144], [-0.00922009665674868, 0.9675107684371882, 0.2526616369291584], [0.09392583291470316, 0.2523932077393913, -0.9630553497064946]], "fy": 1040.192756666184, "fx": 1040.007303759328}, {"id": 32, "img_name": "DSC05604.jpg", "width": 1264, "height": 832, "position": [-3.147720680940812, -1.8125846323251342, 2.3908407754212426], "rotation": [[-0.9938033106781569, 0.06435141933723948, -0.09063042819283919], [0.022077332338173085, 0.9133998181948136, 0.4064644677195183], [0.108938382042164, 0.40194485560952786, -0.9091604709659735]], "fy": 1040.192756666184, "fx": 1040.007303759328}, {"id": 33, "img_name": "DSC05605.jpg", "width": 1264, "height": 832, "position": [-3.052810469476066, -0.828999045287601, 2.8659438606730405], "rotation": [[-0.99408327224347, 0.07423374312862097, -0.0792956444379407], [0.012173756054522873, 0.8015661107968833, 0.5977822092413618], [0.10793631228293547, 0.5932799688200102, -0.7977271658202997]], "fy": 1040.192756666184, "fx": 1040.007303759328}, {"id": 34, "img_name": "DSC05606.jpg", "width": 1264, "height": 832, "position": [-3.060732173725205, -0.7447895581139783, 2.9160516429895056], "rotation": [[-0.9962990106429022, 0.08582674015827639, -0.004695962710466721], [0.027067752277489768, 0.36512482297307175, 0.9305649899042663], [0.08158197214224988, 0.9269938696251916, -0.3660966368306248]], "fy": 1040.192756666184, "fx": 1040.007303759328}, {"id": 35, "img_name": "DSC05607.jpg", "width": 1264, "height": 832, "position": [-0.912917961641951, -2.436011966161661, 1.4616739708846698], "rotation": [[-0.9992104801185615, 0.011914884657607257, -0.03790055335782397], [0.0016565637991451778, 0.9656353639332941, 0.25989536301710775], [0.03969473790835138, 0.25962738577625205, -0.9648927133818433]], "fy": 1040.192756666184, "fx": 1040.007303759328}, {"id": 36, "img_name": "DSC05608.jpg", "width": 1264, "height": 832, "position": [-0.7886683093445829, -1.5553858072228752, 1.7462306094349953], "rotation": [[-0.9951214512046361, 0.04835763151227587, -0.08599323709979688], [0.005777503936874266, 0.8987025511765779, 0.43852063230476357], [0.09848816071304377, 0.43588446173640233, -0.894597573334585]], "fy": 1040.192756666184, "fx": 1040.007303759328}, {"id": 37, "img_name": "DSC05609.jpg", "width": 1264, "height": 832, "position": [-0.7944771677557546, -0.85998141968747, 1.9523444269205732], "rotation": [[-0.9959018588790387, 0.06874248226050182, -0.05877038892112102], [-0.0009212133271604357, 0.6420795656198955, 0.7666374519806426], [0.09043582723280134, 0.7635498035793281, -0.6393849064582993]], "fy": 1040.192756666184, "fx": 1040.007303759328}, {"id": 38, "img_name": "DSC05610.jpg", "width": 1264, "height": 832, "position": [-0.7781591709243805, -0.4737051092032673, 2.3789471913068194], "rotation": [[-0.9936634549883262, 0.08643784093726402, -0.07184314772312522], [-0.05863346153431623, 0.1466852222278595, 0.9874439542416913], [0.09589085154052192, 0.9853993836176617, -0.14068759489296084]], "fy": 1040.192756666184, "fx": 1040.007303759328}, {"id": 39, "img_name": "DSC05611.jpg", "width": 1264, "height": 832, "position": [1.813176726496155, -2.0984523989933614, 1.5451080378986128], "rotation": [[-0.9975472385047082, -0.01123132687171012, -0.0690895379079326], [-0.024853432177597827, 0.9795609489601239, 0.19960624785145173], [0.06543557030105568, 0.20083377347707837, -0.9774374566028935]], "fy": 1040.192756666184, "fx": 1040.007303759328}, {"id": 40, "img_name": "DSC05612.jpg", "width": 1264, "height": 832, "position": [1.7381904735139695, -1.2985647022566627, 1.6286335689761389], "rotation": [[-0.9941462939415222, 0.07316448595838954, -0.07949908324490791], [0.03293237382831928, 0.9060031105061734, 0.4219879411869138], [0.10290094749985546, 0.41689965429055353, -0.9031091148117422]], "fy": 1040.192756666184, "fx": 1040.007303759328}, {"id": 41, "img_name": "DSC05613.jpg", "width": 1264, "height": 832, "position": [1.7181878650029994, -0.3678248974040829, 1.884489783348453], "rotation": [[-0.9966013317478933, 0.06571259773046831, -0.0496753465799516], [0.020125408113784642, 0.7789880535389329, 0.6267157093865433], [0.0798796188434714, 0.6235859739788397, -0.7776630244201425]], "fy": 1040.192756666184, "fx": 1040.007303759328}, {"id": 42, "img_name": "DSC05614.jpg", "width": 1264, "height": 832, "position": [1.7666112238143772, -0.15202710955930598, 2.0226294676384518], "rotation": [[-0.9980855711528923, 0.06156353470242253, -0.005926537888881054], [0.011788370278355354, 0.2834288651150524, 0.9589208062951673], [0.06071430624313443, 0.9570151564184012, -0.2836119944622898]], "fy": 1040.192756666184, "fx": 1040.007303759328}, {"id": 43, "img_name": "DSC05615.jpg", "width": 1264, "height": 832, "position": [3.2720000369873756, -2.9491112656465073, 2.7134907502966894], "rotation": [[-0.7720305056427389, -0.07285728237117543, -0.6313958463297835], [-0.20661111083526382, 0.9682237027010132, 0.14090674365465378], [0.6010663417930131, 0.23923770173914227, -0.762551358814695]], "fy": 1040.192756666184, "fx": 1040.007303759328}, {"id": 44, "img_name": "DSC05616.jpg", "width": 1264, "height": 832, "position": [3.0821889342412505, -2.29069264446956, 2.7558590798281455], "rotation": [[-0.7458491477013335, 0.06601002762625441, -0.6628361223756405], [-0.21378422417072465, 0.918715736211446, 0.3320507514419775], [0.6308766554318803, 0.38936367613099415, -0.6711114462895433]], "fy": 1040.192756666184, "fx": 1040.007303759328}, {"id": 45, "img_name": "DSC05617.jpg", "width": 1264, "height": 832, "position": [3.26595825401301, -1.17821964028522, 3.3285320271378587], "rotation": [[-0.8019367291022588, 0.13636467484499115, -0.5816374798542385], [-0.22484453894567707, 0.8331184010721778, 0.5053302515199772], [0.5534820826576736, 0.5360209000117043, -0.6374473930667269]], "fy": 1040.192756666184, "fx": 1040.007303759328}, {"id": 46, "img_name": "DSC05618.jpg", "width": 1264, "height": 832, "position": [3.182476995140194, -1.2407124146780062, 3.005853091892874], "rotation": [[-0.8081986863439359, 0.534144988908661, -0.24800002866068804], [-0.18170694670537998, 0.17439189144528866, 0.967765495209011], [0.5601762837812251, 0.8272101299076922, -0.04388544254254449]], "fy": 1040.192756666184, "fx": 1040.007303759328}, {"id": 47, "img_name": "DSC05619.jpg", "width": 1264, "height": 832, "position": [3.59998706705696, -1.5662553400274708, 2.898075027578652], "rotation": [[-0.9978485567877642, 0.05625293194816961, 0.03367291736411167], [0.05024135042643342, 0.32614412699175255, 0.9439840121189108], [0.04211964415690159, 0.9436448569647493, -0.3282686696900478]], "fy": 1040.192756666184, "fx": 1040.007303759328}, {"id": 48, "img_name": "DSC05620.jpg", "width": 1264, "height": 832, "position": [3.4769293071058267, -1.6740226351740144, 2.8636098683012845], "rotation": [[-0.04315451948884065, -0.9817058929190943, 0.18544871866802073], [-0.5212321123057221, 0.18048037161332883, 0.8341126545998627], [-0.8523231620394943, -0.06066609654690358, -0.5194851799433351]], "fy": 1040.192756666184, "fx": 1040.007303759328}, {"id": 49, "img_name": "DSC05621.jpg", "width": 1264, "height": 832, "position": [3.745787053377421, -2.847823342171504, 2.7323028815168704], "rotation": [[-0.021011831207889912, -0.13537900824131402, -0.9905710610939981], [-0.42794110812509745, 0.8966558861053222, -0.11346642626496789], [0.9035623447919654, 0.4215219401647771, -0.07677462493407056]], "fy": 1040.192756666184, "fx": 1040.007303759328}, {"id": 50, "img_name": "DSC05622.jpg", "width": 1264, "height": 832, "position": [3.4496385737676327, -1.902445922038826, 3.191618588350355], "rotation": [[0.02377989438854609, 0.1419675652479964, -0.9895856340107333], [-0.3545426854908494, 0.9267236729629232, 0.12442957098312857], [0.9347373966990975, 0.3478914261485394, 0.07237095290604588]], "fy": 1040.192756666184, "fx": 1040.007303759328}, {"id": 51, "img_name": "DSC05623.jpg", "width": 1264, "height": 832, "position": [3.5909973823814667, -0.9350888363905102, 3.570080251510788], "rotation": [[0.055225469051117276, 0.5972810777605445, -0.8001284032686794], [-0.3279779551031185, 0.7677367952979395, 0.550464053424042], [0.9430697792499031, 0.2320248419778629, 0.23829365113382042]], "fy": 1040.192756666184, "fx": 1040.007303759328}, {"id": 52, "img_name": "DSC05624.jpg", "width": 1264, "height": 832, "position": [3.405969756889055, -1.235994466662219, 3.759746388153322], "rotation": [[0.024317450552192532, 0.9295902976730982, -0.3677914355591792], [-0.21697195898460825, 0.3640384110728798, 0.9057589106809352], [0.975874905207129, 0.05777468074834501, 0.21054751399958077]], "fy": 1040.192756666184, "fx": 1040.007303759328}, {"id": 53, "img_name": "DSC05625.jpg", "width": 1264, "height": 832, "position": [2.51729316352484, -1.8435210890166458, 0.40192319020821426], "rotation": [[0.12094296119897165, -0.2132897749463763, -0.9694742245360357], [-0.39100260376099044, 0.8874514518480854, -0.24402230321192184], [0.912408770227769, 0.4085797260218003, 0.023934149147205198]], "fy": 1040.192756666184, "fx": 1040.007303759328}, {"id": 54, "img_name": "DSC05626.jpg", "width": 1264, "height": 832, "position": [2.276747523837324, -1.027836346258584, 0.7780037110139657], "rotation": [[0.10981747438873639, 0.18090659087149422, -0.9773499515005527], [-0.36277291758721414, 0.9227596822976265, 0.13003991306996424], [0.9253842080909634, 0.34027543858650355, 0.16696314955888664]], "fy": 1040.192756666184, "fx": 1040.007303759328}, {"id": 55, "img_name": "DSC05627.jpg", "width": 1264, "height": 832, "position": [2.2602657952766956, -0.20269490389575018, 1.0277217499122062], "rotation": [[0.04636568062120195, 0.5163879254367907, -0.8550986692327499], [-0.3842502417844388, 0.7993741338655537, 0.461901229480174], [0.9220639757354869, 0.3071555055176178, 0.23548571099131188]], "fy": 1040.192756666184, "fx": 1040.007303759328}, {"id": 56, "img_name": "DSC05628.jpg", "width": 1264, "height": 832, "position": [2.3554853982672386, 0.029674777220458536, 1.0755089449175659], "rotation": [[0.05355463989832987, 0.877248331384851, -0.477040109034717], [-0.397434071614048, 0.45698293284400454, 0.7957466668542017], [0.916066623813814, 0.14697606666320406, 0.3731219325670545]], "fy": 1040.192756666184, "fx": 1040.007303759328}, {"id": 57, "img_name": "DSC05629.jpg", "width": 1264, "height": 832, "position": [1.7605155676842104, -0.7218404935893593, -2.3350932439933803], "rotation": [[0.057776206266403014, -0.2132899328863593, -0.975279095704811], [-0.4023861447490526, 0.8890680818555491, -0.21827353559167229], [0.913645062649307, 0.4050498121898429, -0.03445793292576477]], "fy": 1040.192756666184, "fx": 1040.007303759328}, {"id": 58, "img_name": "DSC05630.jpg", "width": 1264, "height": 832, "position": [1.5984227042192172, -0.13900787538635276, -2.033214868303167], "rotation": [[0.06956016313975676, 0.0027897676942460034, -0.9975738573660512], [-0.37320045459193524, 0.9274548433955933, -0.02342934387533076], [0.925139343232328, 0.37392476604026614, 0.06555505278305353]], "fy": 1040.192756666184, "fx": 1040.007303759328}, {"id": 59, "img_name": "DSC05631.jpg", "width": 1264, "height": 832, "position": [1.4507796562491162, 0.4780205855939918, -1.7624249544011876], "rotation": [[0.05232627306632049, 0.344505531102481, -0.937324863740841], [-0.35543132069631744, 0.8835723677017318, 0.3049072765645771], [0.9332365924110885, 0.3171999528274768, 0.16868210489315727]], "fy": 1040.192756666184, "fx": 1040.007303759328}, {"id": 60, "img_name": "DSC05632.jpg", "width": 1264, "height": 832, "position": [1.609631359852903, 1.0973036113772143, -1.5626455627876583], "rotation": [[0.01680894214054382, 0.7091713758091582, -0.7048357391598847], [-0.39096578641095947, 0.6534714043794663, 0.6481673221587062], [0.9202517119354765, 0.2646716520356375, 0.28824590767008396]], "fy": 1040.192756666184, "fx": 1040.007303759328}, {"id": 61, "img_name": "DSC05633.jpg", "width": 1264, "height": 832, "position": [3.2706586531953925, 0.09207037163029742, -3.928160444542688], "rotation": [[0.7071411872728395, -0.08028902766820009, -0.7024991197848249], [-0.3088258303192253, 0.8586853649740464, -0.4090061741673712], [0.6360644211005674, 0.50617498556871, 0.5824164628464036]], "fy": 1040.192756666184, "fx": 1040.007303759328}, {"id": 62, "img_name": "DSC05634.jpg", "width": 1264, "height": 832, "position": [3.1866612325882238, 0.5935469293361092, -3.6239639129619663], "rotation": [[0.6888369396059134, 0.05243719516886719, -0.7230172966099643], [-0.27731059764017824, 0.9405789479863663, -0.19598488472662276], [0.669777950570789, 0.3355019868311998, 0.6624469139195314]], "fy": 1040.192756666184, "fx": 1040.007303759328}, {"id": 63, "img_name": "DSC05635.jpg", "width": 1264, "height": 832, "position": [3.1438456947357585, 1.3655243030102806, -3.198150062948504], "rotation": [[0.6999782075079566, 0.09602584271919992, -0.7076789855181627], [-0.27148037481983833, 0.9523088696285196, -0.1393062199420094], [0.6605519775927011, 0.28963227437031064, 0.6926645873302985]], "fy": 1040.192756666184, "fx": 1040.007303759328}, {"id": 64, "img_name": "DSC05636.jpg", "width": 1264, "height": 832, "position": [3.2211096759161557, 1.8418259605836032, -3.061087794606173], "rotation": [[0.7172569059026841, 0.4926210003752597, -0.49281546335741777], [-0.2711883508230791, 0.848833788479166, 0.45380400826123696], [0.6418718013067458, -0.19184824608368126, 0.7424249734228022]], "fy": 1040.192756666184, "fx": 1040.007303759328}, {"id": 65, "img_name": "DSC05637.jpg", "width": 1264, "height": 832, "position": [3.30999153230322, 1.1531989616474339, -3.0695008356611733], "rotation": [[-0.7001810947702808, -0.08898834342340432, -0.7083978467365986], [-0.6727186077003754, -0.25012953762315915, 0.6963367642614405], [-0.23915708097390612, 0.964114251083959, 0.11527185899801216]], "fy": 1040.192756666184, "fx": 1040.007303759328}, {"id": 66, "img_name": "DSC05638.jpg", "width": 1264, "height": 832, "position": [2.1451231088665383, 1.2252350743564964, -3.3227891571934824], "rotation": [[0.29624302569195565, 0.9037895701979365, 0.30887616050822747], [-0.9122535475119072, 0.1719572818440501, 0.3717850968943566], [0.2829019879407274, -0.39191211517664887, 0.8754263870805756]], "fy": 1040.192756666184, "fx": 1040.007303759328}, {"id": 67, "img_name": "DSC05639.jpg", "width": 1264, "height": 832, "position": [-4.475277679185398, 1.0508362432015539, -3.0758269059275802], "rotation": [[0.6178538413627718, -0.20090347614307108, 0.7601936753136644], [-0.591760810418999, 0.5178164771544489, 0.6178067976638049], [-0.5177603441414921, -0.8315671285356261, 0.20104809567239645]], "fy": 1040.192756666184, "fx": 1040.007303759328}, {"id": 68, "img_name": "DSC05640.jpg", "width": 1264, "height": 832, "position": [-3.465308478994814, 1.104786222816549, -3.3232993749862176], "rotation": [[-0.355382227200198, 0.757613942200046, -0.5474710834138473], [-0.9188732629607995, -0.17576593562695345, 0.35323966720762695], [0.17139252960966583, 0.6285916404608692, 0.7586152848029842]], "fy": 1040.192756666184, "fx": 1040.007303759328}, {"id": 69, "img_name": "DSC05641.jpg", "width": 1264, "height": 832, "position": [-3.0602684474665476, 1.0138072046244644, -3.2196471130170288], "rotation": [[-0.12025698904489687, 0.9665450000057443, -0.2265590862220079], [-0.9842370898848588, -0.08627017467307517, 0.1543852579000381], [0.12967500715573418, 0.24155376197810033, 0.9616840294989761]], "fy": 1040.192756666184, "fx": 1040.007303759328}, {"id": 70, "img_name": "DSC05642.jpg", "width": 1264, "height": 832, "position": [-3.129977315515846, -1.4652908819589887, 2.514181759982233], "rotation": [[-0.05283290541390932, -0.9893275730602368, 0.1357926260452552], [-0.614813139489777, 0.13938013220468667, 0.7762589659754843], [-0.786901193045384, -0.042475074212362705, -0.6156154485183142]], "fy": 1040.192756666184, "fx": 1040.007303759328}, {"id": 71, "img_name": "DSC05643.jpg", "width": 1264, "height": 832, "position": [-3.1982855442807585, -1.975917531089793, 2.6145398614736033], "rotation": [[0.5746851178933388, 0.07760785187671929, 0.8146864652116176], [-0.7639648622030399, 0.40779793691244387, 0.5000585285434542], [-0.29341899153089845, -0.9097680275636397, 0.29364507731605993]], "fy": 1040.192756666184, "fx": 1040.007303759328}, {"id": 72, "img_name": "DSC05644.jpg", "width": 1264, "height": 832, "position": [3.572208859604785, -2.321535796145076, 2.6109125267539715], "rotation": [[-0.32594380692854386, 0.4176054088183999, -0.8481546776682571], [-0.9170979144674387, -0.3575044253561095, 0.17641428833933046], [-0.22954748964953345, 0.8353420307732727, 0.4995114028920484]], "fy": 1040.192756666184, "fx": 1040.007303759328}, {"id": 73, "img_name": "DSC05645.jpg", "width": 1264, "height": 832, "position": [3.2410826977786917, -1.050115225611737, 1.6308969713713282], "rotation": [[-0.772087683377672, 0.0009382067909263211, -0.6355153254993278], [-0.5835914594760558, -0.39694207350137706, 0.7084193664144383], [-0.25159812718521213, 0.9178431838023554, 0.3070216154352154]], "fy": 1040.192756666184, "fx": 1040.007303759328}, {"id": 74, "img_name": "DSC05646.jpg", "width": 1264, "height": 832, "position": [-0.9694254265708313, -0.9736336289314957, -1.1508650927246267], "rotation": [[0.544667183337944, -0.19237707494919873, 0.8162896057335906], [-0.3573604266200341, -0.9337856793408756, 0.01838016713326696], [0.7587036212386611, -0.30172067561221255, -0.5773503693836634]], "fy": 1040.192756666184, "fx": 1040.007303759328}, {"id": 75, "img_name": "DSC05647.jpg", "width": 1264, "height": 832, "position": [-0.7567421781577222, -1.1147541994441075, -0.8004167581912991], "rotation": [[0.0014821735195362892, 0.179238953367935, 0.9838044524991869], [0.40008438747111535, 0.9015299504307014, -0.16485215005658732], [-0.916477106131692, 0.39384914126094567, -0.0703744830495768]], "fy": 1040.192756666184, "fx": 1040.007303759328}, {"id": 76, "img_name": "DSC05648.jpg", "width": 1264, "height": 832, "position": [-0.6659720502146296, -1.1157842009848817, -0.8433563632679906], "rotation": [[0.7459557425973173, 0.10649318275660036, 0.6574262179989888], [0.2730478859595818, 0.8514541512946151, -0.4477395227318781], [-0.6074494893067967, 0.5135027071686536, 0.6060693752957459]], "fy": 1040.192756666184, "fx": 1040.007303759328}, {"id": 77, "img_name": "DSC05649.jpg", "width": 1264, "height": 832, "position": [-0.9957352068735533, -1.2119326453796964, -0.6560700265773068], "rotation": [[0.9994068326198279, 0.005131859226232281, 0.03405358914542617], [0.014663694040838077, 0.8313018402170369, -0.5556277769593999], [-0.031160214856127726, 0.555797548098811, 0.8307334870687889]], "fy": 1040.192756666184, "fx": 1040.007303759328}, {"id": 78, "img_name": "DSC05650.jpg", "width": 1264, "height": 832, "position": [-0.7143675742355118, -1.3391860479619364, -0.5098913561456193], "rotation": [[0.7319622484947315, -0.1914920078741952, -0.6538823118106545], [-0.25228555848461276, 0.8153076480662432, -0.5211769718481409], [0.632916474551456, 0.5464469323960014, 0.5484637511416375]], "fy": 1040.192756666184, "fx": 1040.007303759328}, {"id": 79, "img_name": "DSC05651.jpg", "width": 1264, "height": 832, "position": [-0.7176864858411817, -1.2688411406799585, -0.6057445048322535], "rotation": [[-0.016722867560269708, -0.21502862023610422, -0.9764645606369535], [-0.40520013652966713, 0.8942690344133708, -0.189988798211148], [0.9140750489193438, 0.39248641577605514, -0.10208436890320052]], "fy": 1040.192756666184, "fx": 1040.007303759328}, {"id": 80, "img_name": "DSC05652.jpg", "width": 1264, "height": 832, "position": [-0.6762113884047608, -1.04752124776985, -1.088885684620942], "rotation": [[-0.6603827910926511, -0.14049159345801068, -0.7376697644585337], [-0.32031632410198824, 0.9411909921475778, 0.10750334326916537], [0.6791848214900488, 0.3072810252324199, -0.6665480851293799]], "fy": 1040.192756666184, "fx": 1040.007303759328}, {"id": 81, "img_name": "DSC05653.jpg", "width": 1264, "height": 832, "position": [-1.0114179317416825, -0.05018324905508636, -0.8106040657725465], "rotation": [[-0.5647085009103263, 0.11334792678635487, -0.8174696058526253], [-0.28673592446178076, 0.9018706951978296, 0.32312808414997185], [0.7738777801582492, 0.4168710791559166, -0.47679312572720833]], "fy": 1040.192756666184, "fx": 1040.007303759328}, {"id": 82, "img_name": "DSC05654.jpg", "width": 1264, "height": 832, "position": [-1.0761796780900559, -1.2536203837998632, -0.7624285992184582], "rotation": [[-0.9981062250147792, -0.02575669180122939, -0.05586194065912322], [-0.02735108178881623, 0.9992345811965965, 0.027967303513996993], [0.055098837662226646, 0.029442224242047788, -0.9980467291264236]], "fy": 1040.192756666184, "fx": 1040.007303759328}, {"id": 83, "img_name": "DSC05656.jpg", "width": 1264, "height": 832, "position": [-0.4918279167239997, -1.1248526994423187, -0.6904117290689191], "rotation": [[-0.7465302546468633, 0.07441547608987606, 0.6611769171826907], [0.24540656118788778, 0.9544580843073415, 0.1696625622413361], [-0.6184401334186075, 0.28891538937667693, -0.7307938828140929]], "fy": 1040.192756666184, "fx": 1040.007303759328}, {"id": 84, "img_name": "DSC05657.jpg", "width": 1264, "height": 832, "position": [-0.9248780902308597, -0.5179148200462295, -0.7200007170720527], "rotation": [[-0.9989576757346571, 0.04520856037846801, 0.006304614129200741], [0.042335283394847996, 0.8659789056208788, 0.49828531866747106], [0.017067099070715346, 0.4980328514146147, -0.8669901920097706]], "fy": 1040.192756666184, "fx": 1040.007303759328}, {"id": 85, "img_name": "DSC05658.jpg", "width": 1264, "height": 832, "position": [-0.4491072761761988, -0.3494393329842305, -0.48469677719974635], "rotation": [[-0.022441622872267513, -0.16760451376114072, 0.9855988537583383], [0.42769437572077407, 0.8894705293329707, 0.16099595779069262], [-0.9036447833854164, 0.4251480970379814, 0.05172234570576833]], "fy": 1040.192756666184, "fx": 1040.007303759328}, {"id": 86, "img_name": "DSC05659.jpg", "width": 1264, "height": 832, "position": [-0.42781048101405295, -0.5833163634070673, -0.05834431014892346], "rotation": [[0.6728825321959881, -0.15720967778648867, 0.7228514474466958], [0.3210699134012988, 0.9423869706307174, -0.09391969066144618], [-0.6664407014686282, 0.29528277090905203, 0.6845910287392574]], "fy": 1040.192756666184, "fx": 1040.007303759328}, {"id": 87, "img_name": "DSC05660.jpg", "width": 1264, "height": 832, "position": [-0.49272315542351885, -0.5682218181352939, -0.08855569869394776], "rotation": [[0.9980682372280457, -0.015488456357091653, -0.06016561772454302], [0.0038525256359259667, 0.981991447777376, -0.18888608878982416], [0.06200767599842708, 0.18828941609067487, 0.9801541429313588]], "fy": 1040.192756666184, "fx": 1040.007303759328}, {"id": 88, "img_name": "DSC05661.jpg", "width": 1264, "height": 832, "position": [-0.11153542808826297, -0.7456778727936116, 0.19534400116714667], "rotation": [[0.7141035999082755, 0.0875505661711432, -0.6945436969414912], [-0.19959197353347996, 0.9764311835386804, -0.08212909298331696], [0.6709836754340988, 0.19727402813437955, 0.7147474135137418]], "fy": 1040.192756666184, "fx": 1040.007303759328}, {"id": 89, "img_name": "DSC05662.jpg", "width": 1264, "height": 832, "position": [-0.5192156722809858, -0.6689442237427561, 0.020525691402118202], "rotation": [[-0.204350823419455, 0.2128306237512307, -0.955480960857647], [-0.34898118001955514, 0.8961045789808255, 0.2742420819672946], [0.9145779775174718, 0.38948646847260243, -0.1088458263636733]], "fy": 1040.192756666184, "fx": 1040.007303759328}, {"id": 90, "img_name": "DSC05663.jpg", "width": 1264, "height": 832, "position": [-0.5619612490197443, -0.27860021328956125, -0.15613910431810626], "rotation": [[-0.7338892817018302, 0.43242659484290835, -0.523845170136881], [-0.2573516735997673, 0.536693327317316, 0.8035735115771718], [0.6286307646771431, 0.7245464184478697, -0.2825877725871991]], "fy": 1040.192756666184, "fx": 1040.007303759328}, {"id": 91, "img_name": "DSC05664.jpg", "width": 1264, "height": 832, "position": [-0.4957483781150436, 0.08702967724070773, -0.7400528262151027], "rotation": [[-0.9987562084561323, 0.026522405443303768, 0.042220825191265354], [0.0486457246622124, 0.33257980331338693, 0.9418196578433246], [0.010937529081954356, 0.9427020931543166, -0.33345634499893895]], "fy": 1040.192756666184, "fx": 1040.007303759328}, {"id": 92, "img_name": "DSC05665.jpg", "width": 1264, "height": 832, "position": [-0.5225735838590072, 0.07519687095585159, -0.6457385769749201], "rotation": [[-0.5950103849066776, -0.5795085213455182, 0.5568954260371844], [0.3543135907565643, 0.43280328323048795, 0.8289410096201656], [-0.7214045475725782, 0.6905441272741669, -0.05219470307188837]], "fy": 1040.192756666184, "fx": 1040.007303759328}, {"id": 93, "img_name": "DSC05666.jpg", "width": 1264, "height": 832, "position": [-0.12044360116130269, -0.014659471362502494, -0.2508082680690041], "rotation": [[0.3699361301730447, -0.7099098483797772, 0.5993123282279395], [0.41186070565284405, 0.7035382271653172, 0.5791413662105512], [-0.8327772923967929, 0.03258788257134676, 0.5526481802899406]], "fy": 1040.192756666184, "fx": 1040.007303759328}, {"id": 94, "img_name": "DSC05667.jpg", "width": 1264, "height": 832, "position": [-0.0924742213877367, -0.0717748260412858, -0.27713616913501166], "rotation": [[0.9216001827572888, -0.3038561118774742, 0.24150479584562232], [0.18393084560138287, 0.8898027389641189, 0.417636839572747], [-0.3417931350657765, -0.34047400635974545, 0.8759308784460402]], "fy": 1040.192756666184, "fx": 1040.007303759328}, {"id": 95, "img_name": "DSC05668.jpg", "width": 1264, "height": 832, "position": [-0.6203308718319869, -0.030977584521989916, -0.37247008428298156], "rotation": [[0.8649138633244801, 0.35960437137494866, -0.35015525858845903], [-0.18293427747776667, 0.8754967281847477, 0.4472589060728581], [0.4673960410110575, -0.32278502912283613, 0.8230132233575351]], "fy": 1040.192756666184, "fx": 1040.007303759328}, {"id": 96, "img_name": "DSC05669.jpg", "width": 1264, "height": 832, "position": [-0.41433859003113493, 0.020643463073931303, -0.4493384760722135], "rotation": [[0.22076661483213045, 0.7132310834859387, -0.6652544801239865], [-0.3655348633315707, 0.6928738439024477, 0.6215384944836615], [0.904238002665632, 0.10595875605781992, 0.41367423964993016]], "fy": 1040.192756666184, "fx": 1040.007303759328}, {"id": 97, "img_name": "DSC05670.jpg", "width": 1264, "height": 832, "position": [1.8750310361582634, -0.9529873366135896, 2.132376323399908], "rotation": [[-0.7314402067674466, -0.4405877809727317, 0.520459058122268], [0.33242578063459943, 0.43601948581021543, 0.8362894883730586], [-0.5953892208408473, 0.7847097649776757, -0.1724594458277333]], "fy": 1040.192756666184, "fx": 1040.007303759328}, {"id": 98, "img_name": "DSC05672.jpg", "width": 1264, "height": 832, "position": [1.845453335845026, 0.4316459536391285, 2.575835267269259], "rotation": [[0.31989805903331, -0.6456560950451942, 0.693392701690544], [-0.6556554735940685, 0.3774467984701715, 0.6539493973319], [-0.6839452695741512, -0.6638238631260618, -0.302583454556809]], "fy": 1040.192756666184, "fx": 1040.007303759328}, {"id": 99, "img_name": "DSC05673.jpg", "width": 1264, "height": 832, "position": [0.5214498870799028, 2.0647616306128764, 0.7248457354662291], "rotation": [[-0.01102045000926531, -0.2