[{"id": 0, "img_name": "0000_cam0.png", "width": 1907, "height": 1272, "position": [-7.227473846344491, 0.36855735187729166, -1.2154362267399894], "rotation": [[0.153722715673349, 0.035638178198492965, 0.987471137269694], [0.14141868712407088, 0.9882679490055079, -0.057682024067740166], [-0.9779417577842325, 0.1485139091908218, 0.14687932856173289]], "fy": 2205.0608258885777, "fx": 2182.50387833004}, {"id": 1, "img_name": "0001_cam0.png", "width": 1907, "height": 1272, "position": [-7.152233935219647, 0.3651128785844084, -1.203184917627121], "rotation": [[0.15334497288893967, 0.040384651940663194, 0.9873471523113448], [0.1408811749421593, 0.9880647339330456, -0.06229427024002031], [-0.9780786337696001, 0.14865114007450955, 0.1458253226224495]], "fy": 2204.0876026029673, "fx": 2181.9879206250935}, {"id": 2, "img_name": "0002_cam0.png", "width": 1907, "height": 1272, "position": [-7.07683695315679, 0.36152198014895576, -1.190528974407406], "rotation": [[0.15203412496109003, 0.042517311323525715, 0.9874603298791977], [0.13871517434283642, 0.9882680286521267, -0.06390934165734848], [-0.9785927269576203, 0.146692132651542, 0.14435266871031602]], "fy": 2204.0876026029673, "fx": 2181.9879206250935}, {"id": 3, "img_name": "0003_cam0.png", "width": 1907, "height": 1272, "position": [-7.0019993689763, 0.35751968097239417, -1.1784476446774483], "rotation": [[0.15035030726898735, 0.04000576042367733, 0.987823022730815], [0.1379020506411434, 0.9885640985741512, -0.0610249738979331], [-0.9789677265023031, 0.1453979440817483, 0.14311403957582974]], "fy": 2204.0876026029673, "fx": 2181.9879206250935}, {"id": 4, "img_name": "0004_cam0.png", "width": 1907, "height": 1272, "position": [-6.927560114570869, 0.35373498150565186, -1.166986007128043], "rotation": [[0.14878300485961163, 0.03716395671577122, 0.9881712694599923], [0.13805795110911578, 0.9887261103825243, -0.057971379002032246], [-0.9791851814649247, 0.14505005677031826, 0.14197486196658077]], "fy": 2205.0608258885777, "fx": 2182.50387833004}, {"id": 5, "img_name": "0005_cam0.png", "width": 1907, "height": 1272, "position": [-6.852607261883409, 0.3498994699192254, -1.1556067728265202], "rotation": [[0.14684397116138556, 0.03624404027369467, 0.9884954312884774], [0.13918028699900595, 0.9886295750033693, -0.05692460926112431], [-0.979318995958124, 0.14593811350465014, 0.14012983687379124]], "fy": 2204.0876026029673, "fx": 2181.9879206250935}, {"id": 6, "img_name": "0006_cam0.png", "width": 1907, "height": 1272, "position": [-6.778748387910193, 0.3466066041704989, -1.144516182544141], "rotation": [[0.14453351569705658, 0.03698227097765615, 0.9888085631069261], [0.13953872073452825, 0.9885533581499155, -0.057369011724940945], [-0.9796116619640765, 0.14626882690395887, 0.13771863352545896]], "fy": 2204.0876026029673, "fx": 2181.9879206250935}, {"id": 7, "img_name": "0007_cam0.png", "width": 1907, "height": 1272, "position": [-6.705645052954539, 0.3432594956880487, -1.1335583745443285], "rotation": [[0.14196729210985062, 0.03810778466460078, 0.9891375459049933], [0.13938563256224554, 0.9885328510445971, -0.058089997769522485], [-0.980008639454887, 0.14611844220904105, 0.13502765435341052]], "fy": 2204.0876026029673, "fx": 2181.9879206250935}, {"id": 8, "img_name": "0008_cam0.png", "width": 1907, "height": 1272, "position": [-6.633080833572126, 0.3398969708882797, -1.1229491999507202], "rotation": [[0.13961822191195195, 0.03833521982039482, 0.9894630680482556], [0.13908910207918854, 0.988584161758644, -0.05792734071890527], [-0.9803881750576909, 0.14571124198661226, 0.13269235157223236]], "fy": 2204.0876026029673, "fx": 2181.9879206250935}, {"id": 9, "img_name": "0009_cam0.png", "width": 1907, "height": 1272, "position": [-6.5605523194044295, 0.3364496062166938, -1.1123788499352052], "rotation": [[0.13771781978948194, 0.037285431088498355, 0.989769467472591], [0.13912867791848632, 0.9886553614102652, -0.056602008227552486], [-0.9806513208541991, 0.14550042262235066, 0.1309679881636405]], "fy": 2204.0876026029673, "fx": 2181.9879206250935}, {"id": 10, "img_name": "0010_cam0.png", "width": 1907, "height": 1272, "position": [-6.48774923551075, 0.3331094822760861, -1.102198729124864], "rotation": [[0.13635148875936126, 0.03618024222817728, 0.9899996270632714], [0.14077947142463942, 0.9884833391593171, -0.055514220068786646], [-0.9806066550551779, 0.14694107076225138, 0.12968773953129925]], "fy": 2204.0876026029673, "fx": 2181.9879206250935}, {"id": 11, "img_name": "0011_cam0.png", "width": 1907, "height": 1272, "position": [-6.414884274386342, 0.3298952732471371, -1.0919836891722563], "rotation": [[0.1354252028765302, 0.03647234683338317, 0.9901160448868183], [0.14158007243255685, 0.9883544536515774, -0.05577236804264141], [-0.9806197517467423, 0.14773368560879166, 0.1286843448932313]], "fy": 2204.0876026029673, "fx": 2181.9879206250935}, {"id": 12, "img_name": "0012_cam0.png", "width": 1907, "height": 1272, "position": [-6.341768404378061, 0.3266828843958765, -1.0816088061056426], "rotation": [[0.13472050098961338, 0.03733575037701774, 0.9901799979583978], [0.14170415113647108, 0.9882928044720264, -0.05654437354422911], [-0.9806988937302824, 0.14793030241502977, 0.1278526709286829]], "fy": 2204.0876026029673, "fx": 2181.9879206250935}, {"id": 13, "img_name": "0013_cam0.png", "width": 1907, "height": 1272, "position": [-6.268776631129735, 0.32329860670868893, -1.0711399592441933], "rotation": [[0.13439615341896702, 0.038284680250496694, 0.9901878393538788], [0.1411665791238245, 0.9883219921519771, -0.057372787689150356], [-0.9808209168266461, 0.147492111947943, 0.1274221567407842]], "fy": 2204.0876026029673, "fx": 2181.9879206250935}, {"id": 14, "img_name": "0014_cam0.png", "width": 1907, "height": 1272, "position": [-6.195226939106773, 0.3200353512435312, -1.0605457324049052], "rotation": [[0.1343857333255218, 0.038863030197348145, 0.990166723114063], [0.14075337430823578, 0.9883504821590939, -0.05789483601092772], [-0.9808817269678374, 0.1471495473991223, 0.12735010169146335]], "fy": 2204.0876026029673, "fx": 2181.9879206250935}, {"id": 15, "img_name": "0015_cam0.png", "width": 1907, "height": 1272, "position": [-6.121260380492402, 0.31651700663870475, -1.0498900026276718], "rotation": [[0.13452554258111876, 0.038545737212445905, 0.9901601408539957], [0.14029570400282632, 0.988436298648259, -0.057539542515395725], [-0.9809281287798848, 0.146655752213402, 0.12756212804400174]], "fy": 2204.0876026029673, "fx": 2181.9879206250935}, {"id": 16, "img_name": "0016_cam0.png", "width": 1907, "height": 1272, "position": [-6.046893051859338, 0.31321892244450933, -1.0393849347637367], "rotation": [[0.134819396589888, 0.03837552667976146, 0.9901267844347961], [0.14076840831961035, 0.9883728383649064, -0.05747510419009417], [-0.9808200576672061, 0.14712733034534964, 0.12784976786505484]], "fy": 2204.0876026029673, "fx": 2181.9879206250935}, {"id": 17, "img_name": "0017_cam0.png", "width": 1907, "height": 1272, "position": [-5.972375195675195, 0.3096067477059335, -1.0287126743430994], "rotation": [[0.13508368521544362, 0.03920562991565252, 0.9900582389796732], [0.1407904430359172, 0.9883186585045348, -0.05834621154408231], [-0.9807805305665304, 0.14727235937104266, 0.12798594855264914]], "fy": 2204.0876026029673, "fx": 2181.9879206250935}, {"id": 18, "img_name": "0018_cam0.png", "width": 1907, "height": 1272, "position": [-5.897997656229584, 0.30604812744129406, -1.0179442475302996], "rotation": [[0.13535748143813717, 0.040665951908804066, 0.9899619349116787], [0.14062251308644302, 0.9882542705913279, -0.05982311820070456], [-0.9807668739471053, 0.14730844175862134, 0.128049060733257]], "fy": 2204.0876026029673, "fx": 2181.9879206250935}, {"id": 19, "img_name": "0019_cam0.png", "width": 1907, "height": 1272, "position": [-5.8234833219108335, 0.30250978164416237, -1.0071471745353935], "rotation": [[0.13579069843366492, 0.04167919151096185, 0.9898604604760662], [0.14065573090739122, 0.9881835214167825, -0.0609039683701728], [-0.9807022237059551, 0.14749973896695553, 0.12832371340821988]], "fy": 2204.0876026029673, "fx": 2181.9879206250935}, {"id": 20, "img_name": "0020_cam0.png", "width": 1907, "height": 1272, "position": [-5.748782185742599, 0.29905394145583997, -0.9960952818661349], "rotation": [[0.13633721368857563, 0.04106031746215583, 0.98981120143871], [0.13996906522113886, 0.9883194020193807, -0.06027785972622455], [-0.9807246427742886, 0.14676106405297287, 0.12899753925282043]], "fy": 2204.0876026029673, "fx": 2181.9879206250935}, {"id": 21, "img_name": "0021_cam0.png", "width": 1907, "height": 1272, "position": [-5.673688147098509, 0.29535032539531525, -0.9851662339888841], "rotation": [[0.13718557283228935, 0.03909829853271547, 0.9897734294567231], [0.14024220455059, 0.9883886018056488, -0.05848158584943821], [-0.9805673065473204, 0.14683083760750465, 0.13010942493920835]], "fy": 2204.0876026029673, "fx": 2181.9879206250935}, {"id": 22, "img_name": "0022_cam0.png", "width": 1907, "height": 1272, "position": [-5.598768614149589, 0.29163972520777415, -0.9742274251191113], "rotation": [[0.1384671395088419, 0.037508797652658375, 0.9896564764477068], [0.14059222983642164, 0.9884177645494205, -0.05713271945872394], [-0.9803370217358219, 0.14704901503164988, 0.13158993499641186]], "fy": 2204.0876026029673, "fx": 2181.9879206250935}, {"id": 23, "img_name": "0023_cam0.png", "width": 1907, "height": 1272, "position": [-5.523502963623729, 0.2879973682518991, -0.9631733866557021], "rotation": [[0.14014395965042978, 0.03679928425271726, 0.9894470593477884], [0.141553667442429, 0.988299362262905, -0.0568060717206674], [-0.9799603205268551, 0.14802088781392683, 0.13329511230228952]], "fy": 2204.0876026029673, "fx": 2181.9879206250935}, {"id": 24, "img_name": "0024_cam0.png", "width": 1907, "height": 1272, "position": [-5.447795102751117, 0.2847529943019586, -0.9519102815070697], "rotation": [[0.14186280659496717, 0.03716793216849967, 0.9891882980117164], [0.1424178583239504, 0.9881319858504859, -0.0575528641302441], [-0.9795877182444753, 0.14904268971503756, 0.13488579950124072]], "fy": 2204.0876026029673, "fx": 2181.9879206250935}, {"id": 25, "img_name": "0025_cam0.png", "width": 1907, "height": 1272, "position": [-5.371799781510076, 0.28134191407541864, -0.9402260313230741], "rotation": [[0.14309626860314942, 0.03803142795806879, 0.9889777896390419], [0.1415675784447125, 0.9881994324061393, -0.05848506241327335], [-0.979531560821373, 0.14837618501516517, 0.1360236342522504]], "fy": 2204.0876026029673, "fx": 2181.9879206250935}, {"id": 26, "img_name": "0026_cam0.png", "width": 1907, "height": 1272, "position": [-5.296096905396154, 0.2776877646209388, -0.9283152129085063], "rotation": [[0.14387227206053316, 0.03888932981460171, 0.9888318306763344], [0.14033725644390174, 0.9883270556347801, -0.059288156946264936], [-0.979594928419874, 0.14729986804765818, 0.13673523718194958]], "fy": 2204.0876026029673, "fx": 2181.9879206250935}, {"id": 27, "img_name": "0027_cam0.png", "width": 1907, "height": 1272, "position": [-5.220643400433776, 0.27395643785596, -0.9164767145422782], "rotation": [[0.1445701923280042, 0.039347915864825826, 0.9887118897875854], [0.13979435392571152, 0.9883746499017986, -0.059775329710426546], [-0.9795698025667884, 0.14685807076423102, 0.1373888967517803]], "fy": 2204.0876026029673, "fx": 2181.9879206250935}, {"id": 28, "img_name": "0028_cam0.png", "width": 1907, "height": 1272, "position": [-5.145291446348761, 0.27036976702337345, -0.9047377959465283], "rotation": [[0.14530415174595693, 0.038884544230352015, 0.9886226255277518], [0.13950647916725414, 0.9884390635193759, -0.05938147841958507], [-0.9795022438747877, 0.1465476370636421, 0.13819965381765115]], "fy": 2204.0876026029673, "fx": 2181.9879206250935}, {"id": 29, "img_name": "0029_cam0.png", "width": 1907, "height": 1272, "position": [-5.0690716736959125, 0.2669422461820222, -0.8930309955783059], "rotation": [[0.14590451435950727, 0.03765906493164773, 0.98858164433596], [0.1398995122926197, 0.9884477923954414, -0.05830169953667818], [-0.9793569314350125, 0.14680857106126974, 0.13895051030185032]], "fy": 2204.0876026029673, "fx": 2181.9879206250935}, {"id": 30, "img_name": "0030_cam0.png", "width": 1907, "height": 1272, "position": [-4.992264696734011, 0.2633525616083418, -0.8810634963001883], "rotation": [[0.14589094725177368, 0.03681812450560485, 0.9886153231757385], [0.14001781815672976, 0.9884794192752794, -0.0574756319481166], [-0.9793420455125006, 0.14680893493618224, 0.13905500535505602]], "fy": 2204.0876026029673, "fx": 2181.9879206250935}, {"id": 31, "img_name": "0031_cam0.png", "width": 1907, "height": 1272, "position": [-4.915829335335716, 0.2596879945966826, -0.8692813867852699], "rotation": [[0.14521653650493802, 0.037809718913212075, 0.9886771883083041], [0.1403147310538612, 0.9883826695774687, -0.05840783105199999], [-0.9793997824049139, 0.14720775670670433, 0.13822424747701506]], "fy": 2204.0876026029673, "fx": 2181.9879206250935}, {"id": 32, "img_name": "0032_cam0.png", "width": 1907, "height": 1272, "position": [-4.840025261690024, 0.2561526705178918, -0.8575975401041046], "rotation": [[0.14392931431528033, 0.04024064204808886, 0.9887694590794615], [0.13945273177362988, 0.988377347958019, -0.060523992303427254], [-0.9797128600164464, 0.1465977788748208, 0.13664480651442218]], "fy": 2204.0876026029673, "fx": 2181.9879206250935}, {"id": 33, "img_name": "0033_cam0.png", "width": 1907, "height": 1272, "position": [-4.764249458746931, 0.2525176187810513, -0.8459550536859662], "rotation": [[0.1421120999719755, 0.04180302845485881, 0.988967470574011], [0.1380143106451881, 0.9885117652140484, -0.06161607006730919], [-0.9801817184066884, 0.14524805281107314, 0.13471006664649424]], "fy": 2204.0876026029673, "fx": 2181.9879206250935}, {"id": 34, "img_name": "0034_cam0.png", "width": 1907, "height": 1272, "position": [-4.688453884114681, 0.24877643064736726, -0.8348431624293031], "rotation": [[0.1401264259565771, 0.04163817422574446, 0.9892577253657321], [0.13834849634970248, 0.9884907307740695, -0.06120268565612739], [-0.9804204599590994, 0.145438432406613, 0.13275309439969674]], "fy": 2204.0876026029673, "fx": 2181.9879206250935}, {"id": 35, "img_name": "0035_cam0.png", "width": 1907, "height": 1272, "position": [-4.6122746736629265, 0.2450929763985671, -0.8239961160373631], "rotation": [[0.13812504845145995, 0.04038825925230171, 0.9895909556502881], [0.13901159480087066, 0.9884868105619581, -0.05974614511385662], [-0.9806106503098976, 0.14581705613410367, 0.1309203522726061]], "fy": 2204.0876026029673, "fx": 2181.9879206250935}, {"id": 36, "img_name": "0036_cam0.png", "width": 1907, "height": 1272, "position": [-4.535902140302765, 0.24150299432615974, -0.8133192297883314], "rotation": [[0.1360148748592435, 0.0395011117146081, 0.989918994660843], [0.13973697392150009, 0.9884506307309547, -0.05864237995545225], [-0.9808024938468939, 0.14630452071240885, 0.12892422302587667]], "fy": 2204.0876026029673, "fx": 2181.9879206250935}, {"id": 37, "img_name": "0037_cam0.png", "width": 1907, "height": 1272, "position": [-4.459608194420363, 0.23808086298999773, -0.8026808458227891], "rotation": [[0.13385530560466816, 0.039760211427471444, 0.9902029502827809], [0.13980752800999954, 0.9884438365214766, -0.058588711834598], [-0.9810895026822039, 0.14628023663484802, 0.12674967493780323]], "fy": 2204.0876026029673, "fx": 2181.9879206250935}, {"id": 38, "img_name": "0038_cam0.png", "width": 1907, "height": 1272, "position": [-4.382936462955661, 0.23474087154177017, -0.7919140911158451], "rotation": [[0.1317898932172225, 0.039729677926432894, 0.9904811844440331], [0.13919580823392097, 0.9885546995325497, -0.05817330145535844], [-0.9814560362114536, 0.14553748219607351, 0.12475131366093502]], "fy": 2204.0876026029673, "fx": 2181.9879206250935}, {"id": 39, "img_name": "0039_cam0.png", "width": 1907, "height": 1272, "position": [-4.305532689117776, 0.23119433367676756, -0.7814497982003707], "rotation": [[0.12995104467387772, 0.03928837748241636, 0.9907417167874615], [0.13969592623855273, 0.9885221695782297, -0.05752363379257756], [-0.9816301616090045, 0.14587783809458138, 0.12297106233716305]], "fy": 2204.0876026029673, "fx": 2181.9879206250935}, {"id": 40, "img_name": "0040_cam0.png", "width": 1907, "height": 1272, "position": [-4.227767727285298, 0.22776105669013003, -0.7710814357154967], "rotation": [[0.12829037202101226, 0.03928177332423964, 0.9909583859735045], [0.1401481154457944, 0.9884695956427805, -0.05732681943724541], [-0.9817841342085858, 0.1462354292717784, 0.12130586565371079]], "fy": 2204.0876026029673, "fx": 2181.9879206250935}, {"id": 41, "img_name": "0041_cam0.png", "width": 1907, "height": 1272, "position": [-4.149675675892132, 0.22428645838565375, -0.7606066746658793], "rotation": [[0.12678808998621133, 0.03981939727832393, 0.9911302617910722], [0.14044032125253486, 0.988407835493153, -0.05767553122620617], [-0.9819375216398103, 0.14650722281215792, 0.11972609264373213]], "fy": 2204.0876026029673, "fx": 2181.9879206250935}, {"id": 42, "img_name": "0042_cam0.png", "width": 1907, "height": 1272, "position": [-4.071022503570113, 0.22079854829593745, -0.7502243796239836], "rotation": [[0.125698646076165, 0.04133308125755135, 0.9912070554472335], [0.14053168999292154, 0.9883146527823472, -0.05903381406822716], [-0.9820645062735706, 0.14671647313599545, 0.11842120599023775]], "fy": 2204.0876026029673, "fx": 2181.9879206250935}, {"id": 43, "img_name": "0043_cam0.png", "width": 1907, "height": 1272, "position": [-3.9916400831181535, 0.21722749604879846, -0.7396333157992605], "rotation": [[0.12486834255152542, 0.04254749063434671, 0.9912606156148621], [0.14037084081898543, 0.9882731487338978, -0.060101668357527074], [-0.982193424981152, 0.14664888179698912, 0.11743160303549777]], "fy": 2204.0876026029673, "fx": 2181.9879206250935}, {"id": 44, "img_name": "0044_cam0.png", "width": 1907, "height": 1272, "position": [-3.911158692181473, 0.21336273701769853, -0.7291152529132949], "rotation": [[0.12431259594538897, 0.043028918655952146, 0.9913096845328496], [0.14151412898135454, 0.9880775113917544, -0.060634831413353754], [-0.982099857340366, 0.14782199985515265, 0.116741280491762]], "fy": 2204.0876026029673, "fx": 2181.9879206250935}, {"id": 45, "img_name": "0045_cam0.png", "width": 1907, "height": 1272, "position": [-3.8300335306831523, 0.209723525180633, -0.7186809949380855], "rotation": [[0.1239640571423777, 0.043267480181367265, 0.9913429465606521], [0.14311757715589063, 0.987823420646119, -0.06101023464983863], [-0.9819115396235186, 0.14944167685674462, 0.11626226203035674]], "fy": 2204.0876026029673, "fx": 2181.9879206250935}, {"id": 46, "img_name": "0046_cam0.png", "width": 1907, "height": 1272, "position": [-3.748255251661392, 0.2059300626112714, -0.7081228556059519], "rotation": [[0.12377412582657939, 0.043511553176079625, 0.9913559958541992], [0.1438217858444083, 0.987702709659786, -0.06130784001448411], [-0.981832602683569, 0.1501669140354213, 0.11599413018203607]], "fy": 2204.0876026029673, "fx": 2181.9879206250935}, {"id": 47, "img_name": "0047_cam0.png", "width": 1907, "height": 1272, "position": [-3.665879200025992, 0.20196917504493514, -0.6971748793080284], "rotation": [[0.12375439094055571, 0.0441440876652872, 0.9913304949647878], [0.1430737405929865, 0.9877777515785282, -0.06184673183926686], [-0.9819443749396718, 0.1494871667089413, 0.11592597428389491]], "fy": 2204.0876026029673, "fx": 2181.9879206250935}, {"id": 48, "img_name": "0048_cam0.png", "width": 1907, "height": 1272, "position": [-3.5823706111740736, 0.19796460120534906, -0.6859653185276522], "rotation": [[0.12372565957771808, 0.043545589680417, 0.9913605513542705], [0.14237846027735881, 0.9879207223481307, -0.06116388153310776], [-0.9820490492898544, 0.14871593046655168, 0.11603118897245074]], "fy": 2204.0876026029673, "fx": 2181.9879206250935}, {"id": 49, "img_name": "0049_cam0.png", "width": 1907, "height": 1272, "position": [-3.498435075311059, 0.1941628084503216, -0.6747774058024814], "rotation": [[0.12385718354511627, 0.04137900987152731, 0.9914369246837255], [0.14253180919161887, 0.9880276480226916, -0.05904278204244853], [-0.9820102247190887, 0.148624171266992, 0.11647649660924944]], "fy": 2204.0876026029673, "fx": 2181.9879206250935}, {"id": 50, "img_name": "0050_cam0.png", "width": 1907, "height": 1272, "position": [-3.4130605617818075, 0.19039523926638094, -0.663797946248384], "rotation": [[0.12410988671590883, 0.03850124907779874, 0.9915212503213501], [0.14383017803838896, 0.9879957273411973, -0.05636774468598027], [-0.9817889874636044, 0.1496064723699741, 0.11708239628655781]], "fy": 2204.0876026029673, "fx": 2181.9879206250935}, {"id": 51, "img_name": "0051_cam0.png", "width": 1907, "height": 1272, "position": [-3.3281277228845174, 0.18664001514010412, -0.6527526533147138], "rotation": [[0.12440724581764522, 0.03750407086135446, 0.9915222044194947], [0.14410960986195587, 0.9880067921940183, -0.055452672829365224], [-0.9817103735488907, 0.14978659234828814, 0.11751050684591947]], "fy": 2204.0876026029673, "fx": 2181.9879206250935}, {"id": 52, "img_name": "0052_cam0.png", "width": 1907, "height": 1272, "position": [-3.2425382699945122, 0.18268434362339775, -0.641739764867373], "rotation": [[0.12490639405923173, 0.03900572859468159, 0.9914015058793877], [0.14563960428357828, 0.9876822840018471, -0.05720849179114168], [-0.9814211625939409, 0.15153302942161634, 0.11768705369353463]], "fy": 2204.0876026029673, "fx": 2181.9879206250935}, {"id": 53, "img_name": "0053_cam0.png", "width": 1907, "height": 1272, "position": [-3.1574806963537676, 0.17905190190141293, -0.6304648766016989], "rotation": [[0.12535899250019997, 0.042482838042592876, 0.9912014585699422], [0.14668548474113774, 0.9873087196389622, -0.06086756682446606], [-0.9812076699484119, 0.15302516327950844, 0.11753641068914569]], "fy": 2204.0876026029673, "fx": 2181.9879206250935}, {"id": 54, "img_name": "0054_cam0.png", "width": 1907, "height": 1272, "position": [-3.0710553811973607, 0.17510587698680113, -0.6183961787458909], "rotation": [[0.12564070618406376, 0.04411469255358228, 0.9910944994552601], [0.14426289066888176, 0.9875796697096996, -0.06224640031310084], [-0.9815307592355056, 0.15079883911019817, 0.11771609404660233]], "fy": 2204.0876026029673, "fx": 2181.9879206250935}, {"id": 55, "img_name": "0055_cam0.png", "width": 1907, "height": 1272, "position": [-2.9841383797000898, 0.17085023130542185, -0.6064717238664936], "rotation": [[0.12552392407628626, 0.042529874054405066, 0.9911785683202633], [0.14355082005791897, 0.9877880266021535, -0.06056382222187169], [-0.9816500937427701, 0.14988670492855577, 0.11788583095720352]], "fy": 2204.0876026029673, "fx": 2181.9879206250935}, {"id": 56, "img_name": "0056_cam0.png", "width": 1907, "height": 1272, "position": [-2.897765569479933, 0.16657446617955818, -0.5952488861716697], "rotation": [[0.1260479477977499, 0.03919921423616399, 0.9912493815681515], [0.14553679453701587, 0.9876767541620309, -0.0575644918664769], [-0.9812904546014223, 0.15151914364601782, 0.11878969996136571]], "fy": 2204.0876026029673, "fx": 2181.9879206250935}, {"id": 57, "img_name": "0057_cam0.png", "width": 1907, "height": 1272, "position": [-2.8103989336371726, 0.1624944972335265, -0.5841281768398715], "rotation": [[0.12716229412847596, 0.0368191377827027, 0.991198316203635], [0.14837778740828766, 0.9873602108899, -0.05571217241567007], [-0.980721052672881, 0.1541563006963735, 0.12009184734945719]], "fy": 2204.0876026029673, "fx": 2181.9879206250935}, {"id": 58, "img_name": "0058_cam0.png", "width": 1907, "height": 1272, "position": [-2.72259936263811, 0.15879134808412457, -0.5726722695124952], "rotation": [[0.12808908713841186, 0.036574292219468583, 0.9910880419542418], [0.15022511454440515, 0.9870735314106182, -0.055841369509456895], [-0.9803191320769826, 0.15603898467119126, 0.12093897033882436]], "fy": 2204.0876026029673, "fx": 2181.9879206250935}, {"id": 59, "img_name": "0059_cam0.png", "width": 1907, "height": 1272, "position": [-2.6349504494213503, 0.1551688013339546, -0.5604950711780863], "rotation": [[0.12832793151605607, 0.036529695363505, 0.9910587890480864], [0.1494818202745662, 0.987191932700179, -0.05574292259190759], [-0.9804015133608336, 0.1552986457388944, 0.12122377337573945]], "fy": 2204.0876026029673, "fx": 2181.9879206250935}, {"id": 60, "img_name": "0060_cam0.png", "width": 1907, "height": 1272, "position": [-2.54777383864051, 0.1513014153643964, -0.5483470206959778], "rotation": [[0.12848875158379203, 0.03523306827841145, 0.9910848962708126], [0.14845032944808298, 0.9874252951988013, -0.054348745048212764], [-0.9805371693124103, 0.15411008176381194, 0.12164268286895431]], "fy": 2204.0876026029673, "fx": 2181.9879206250935}, {"id": 61, "img_name": "0061_cam0.png", "width": 1907, "height": 1272, "position": [-2.4603422568331808, 0.147382864184242, -0.5363084663520545], "rotation": [[0.12885630985641838, 0.03403864602064228, 0.9910789181428832], [0.14899106190115172, 0.9874019041922222, -0.05328360977956492], [-0.9804069129110392, 0.15452782977397692, 0.12216151170311756]], "fy": 2204.0876026029673, "fx": 2181.9879206250935}, {"id": 62, "img_name": "0062_cam0.png", "width": 1907, "height": 1272, "position": [-2.3733873858129235, 0.14351569409330453, -0.5246109541485385], "rotation": [[0.1292222072463086, 0.03436280159383468, 0.9910200901197788], [0.1500791697632565, 0.9872091004967374, -0.05379995073970166], [-0.980192768774369, 0.15568362072821093, 0.12241219824588906]], "fy": 2204.0876026029673, "fx": 2181.9879206250935}, {"id": 63, "img_name": "0063_cam0.png", "width": 1907, "height": 1272, "position": [-2.2873755481801434, 0.13982577429512144, -0.5125918447886896], "rotation": [[0.12926506748033154, 0.03608967602989861, 0.9909531157493588], [0.14935894933359098, 0.9872277476800907, -0.055437157795660864], [-0.9802971215826716, 0.1551738041505465, 0.12222374532870725]], "fy": 2204.0876026029673, "fx": 2181.9879206250935}, {"id": 64, "img_name": "0064_cam0.png", "width": 1907, "height": 1272, "position": [-2.2018720862270844, 0.13570077789336787, -0.5005097252102483], "rotation": [[0.12916470572664315, 0.03666322339395961, 0.9909451482523713], [0.14872273771743444, 0.9872969296215885, -0.05591350503782766], [-0.980407071618917, 0.15459812680025778, 0.12207126242269521]], "fy": 2204.0876026029673, "fx": 2181.9879206250935}, {"id": 65, "img_name": "0065_cam0.png", "width": 1907, "height": 1272, "position": [-2.116706762389244, 0.13162629864773784, -0.48897042442528776], "rotation": [[0.12938808906129953, 0.03566551502291481, 0.9909524173476825], [0.149912834542317, 0.9871624919672469, -0.055103144125386035], [-0.9801963397445193, 0.15568617630080528, 0.12238034997613582]], "fy": 2204.0876026029673, "fx": 2181.9879206250935}, {"id": 66, "img_name": "0066_cam0.png", "width": 1907, "height": 1272, "position": [-2.0310385557599764, 0.12748223189306102, -0.47784386195032297], "rotation": [[0.1296440237170387, 0.03539689876124519, 0.9909285981706968], [0.152532273021677, 0.9867555172194572, -0.055203758239834616], [-0.9797583032571331, 0.15830542882367518, 0.12252778625134723]], "fy": 2204.0876026029673, "fx": 2181.9879206250935}, {"id": 67, "img_name": "0067_cam0.png", "width": 1907, "height": 1272, "position": [-1.9467965815176047, 0.12387498792157467, -0.4666047793787437], "rotation": [[0.12942542163210252, 0.03735346226267081, 0.9908853511341985], [0.1546851859974334, 0.9862958368185196, -0.0573848020593928], [-0.9794496176262931, 0.16070233704413725, 0.12187372727647493]], "fy": 2204.0876026029673, "fx": 2181.9879206250935}, {"id": 68, "img_name": "0068_cam0.png", "width": 1907, "height": 1272, "position": [-1.8636157593755993, 0.12015730826864539, -0.45495188637101447], "rotation": [[0.129020463533168, 0.03890314219726323, 0.9908785321707528], [0.15326649923236038, 0.9864407722925691, -0.05868545792525083], [-0.9797260332372224, 0.15944010877448317, 0.12130849727549024]], "fy": 2204.0876026029673, "fx": 2181.9879206250935}, {"id": 69, "img_name": "0069_cam0.png", "width": 1907, "height": 1272, "position": [-1.780335167862337, 0.11633744970350683, -0.44295271315879403], "rotation": [[0.12848796557388334, 0.03786062696604982, 0.9909881006492571], [0.15050375842013686, 0.9869521094012051, -0.05722021015274651], [-0.9802241893587902, 0.15649954208958253, 0.12111330200128034]], "fy": 2204.0876026029673, "fx": 2181.9879206250935}, {"id": 70, "img_name": "0070_cam0.png", "width": 1907, "height": 1272, "position": [-1.6973082557223569, 0.11224348691826802, -0.43149262989152115], "rotation": [[0.12831500582404393, 0.03466809376444024, 0.9911273291334042], [0.14920881705201974, 0.9873381476978735, -0.053852678804948], [-0.9804447909975921, 0.15479504312242032, 0.12151751491211271]], "fy": 2204.0876026029673, "fx": 2181.9879206250935}, {"id": 71, "img_name": "0071_cam0.png", "width": 1907, "height": 1272, "position": [-1.6142998068705052, 0.10830482657257966, -0.4205260472413168], "rotation": [[0.1284154091883565, 0.03288147470986338, 0.9911752071676789], [0.15061171517681557, 0.9872105593958168, -0.052263014349501535], [-0.9802171157118634, 0.15599397436536783, 0.12182071263628451]], "fy": 2204.0876026029673, "fx": 2181.9879206250935}, {"id": 72, "img_name": "0072_cam0.png", "width": 1907, "height": 1272, "position": [-1.5324859002823608, 0.10474636299058905, -0.40984585588124856], "rotation": [[0.12852510189884553, 0.0343475152815445, 0.9911112684133278], [0.15224058244668204, 0.9868702972096728, -0.05394276171635144], [-0.9799510718592975, 0.15782035571901407, 0.12160851977775855]], "fy": 2204.0876026029673, "fx": 2181.9879206250935}, {"id": 73, "img_name": "0073_cam0.png", "width": 1907, "height": 1272, "position": [-1.4514092116368713, 0.10125391538873313, -0.39859951363402096], "rotation": [[0.12843185466298515, 0.03756372504145267, 0.9910066726661511], [0.15139708683194586, 0.9868267138849116, -0.05702594902241486], [-0.980093965294464, 0.15735947166954062, 0.12105294655338608]], "fy": 2204.0876026029673, "fx": 2181.9879206250935}, {"id": 74, "img_name": "0074_cam0.png", "width": 1907, "height": 1272, "position": [-1.3706220542999508, 0.09753651018650214, -0.3869200236001434], "rotation": [[0.1281344066694567, 0.03886415797022114, 0.9909950307911397], [0.14813146761051108, 0.9872729962790507, -0.05787140158784337], [-0.9806317566400866, 0.15421286601140327, 0.12074663484141732]], "fy": 2204.0876026029673, "fx": 2181.9879206250935}, {"id": 75, "img_name": "0075_cam0.png", "width": 1907, "height": 1272, "position": [-1.2896864175252178, 0.0935943790385512, -0.3754749972316576], "rotation": [[0.12811253915413795, 0.036419678758357575, 0.9910907043810965], [0.1460693744962051, 0.9877343464510762, -0.055177882119134394], [-0.9809438899069443, 0.15183697784138012, 0.12122135543801435]], "fy": 2204.0876026029673, "fx": 2181.9879206250935}, {"id": 76, "img_name": "0076_cam0.png", "width": 1907, "height": 1272, "position": [-1.2084763060538557, 0.0897617385315374, -0.3647170643227143], "rotation": [[0.128343201528885, 0.03285884863993621, 0.9911853099634667], [0.14770096012930256, 0.9876711016401585, -0.05186734388609206], [-0.9806693882232675, 0.15305584291680513, 0.1219075877491967]], "fy": 2204.0876026029673, "fx": 2181.9879206250935}, {"id": 77, "img_name": "0077_cam0.png", "width": 1907, "height": 1272, "position": [-1.127943229738696, 0.08626643177900536, -0.3546064320014118], "rotation": [[0.1287404618594332, 0.03186419869347234, 0.9911662657303477], [0.15162432571736595, 0.9870994196125141, -0.05142761564949259], [-0.9800183454053162, 0.15690573170620864, 0.12224824754067164]], "fy": 2204.0876026029673, "fx": 2181.9879206250935}, {"id": 78, "img_name": "0078_cam0.png", "width": 1907, "height": 1272, "position": [-1.0481549034896818, 0.08306210661315327, -0.3441489880842785], "rotation": [[0.12895533582297936, 0.034441930381635934, 0.9910521049845809], [0.1531111281304576, 0.9867207338452681, -0.0542141664371418], [-0.9797589008554098, 0.15873231186951842, 0.12196946078079025]], "fy": 2204.0876026029673, "fx": 2181.9879206250935}, {"id": 79, "img_name": "0079_cam0.png", "width": 1907, "height": 1272, "position": [-0.9691832888778746, 0.07953071392702753, -0.33308815086523713], "rotation": [[0.12882548013866282, 0.03769719227825635, 0.9909505120647443], [0.15236415398630926, 0.9866595696129989, -0.057341592854818345], [-0.9798924227929713, 0.15837239464448244, 0.12136319197966522]], "fy": 2204.0876026029673, "fx": 2181.9879206250935}, {"id": 80, "img_name": "0080_cam0.png", "width": 1907, "height": 1272, "position": [-0.8907958195210954, 0.07597675043926487, -0.32161811378027816], "rotation": [[0.12872159699893396, 0.038336743284637285, 0.9909394757402553], [0.15098466541058014, 0.9868453912240321, -0.05779104282449001], [-0.9801195749891436, 0.15705562051138028, 0.12124005439163293]], "fy": 2204.0876026029673, "fx": 2181.9879206250935}, {"id": 81, "img_name": "0081_cam0.png", "width": 1907, "height": 1272, "position": [-0.8112518296661669, 0.0720394331372088, -0.31059585375104853], "rotation": [[0.12878593241578462, 0.03592770187272909, 0.991021384153713], [0.15073062629410652, 0.9870229858508238, -0.05537060320342171], [-0.9801502241538199, 0.1565082286663186, 0.1216992705440257]], "fy": 2204.0876026029673, "fx": 2181.9879206250935}, {"id": 82, "img_name": "0082_cam0.png", "width": 1907, "height": 1272, "position": [-0.7315158751840226, 0.06840772764439593, -0.30036215396291555], "rotation": [[0.1290023880289158, 0.03375027297129016, 0.9910697770375204], [0.15305034307648874, 0.9867677586381198, -0.05352553592884741], [-0.9797622039898283, 0.15858849134368053, 0.12212990643707722]], "fy": 2204.0876026029673, "fx": 2181.9879206250935}, {"id": 83, "img_name": "0083_cam0.png", "width": 1907, "height": 1272, "position": [-0.6528052081827431, 0.06518240032080057, -0.2902213132060862], "rotation": [[0.12938332800979507, 0.03461513366392914, 0.9909902860041252], [0.1547668465039369, 0.9864376532568587, -0.054662413597718854], [-0.9794422788793307, 0.16044484646921373, 0.12227131137406604]], "fy": 2204.0876026029673, "fx": 2181.9879206250935}, {"id": 84, "img_name": "0084_cam0.png", "width": 1907, "height": 1272, "position": [-0.574409771963773, 0.06180741488726754, -0.2795339751064115], "rotation": [[0.12971651034366333, 0.0380192143270152, 0.9908219649796921], [0.15331471540345293, 0.9864782734707798, -0.05792420919501271], [-0.9796265742542003, 0.1594213138575449, 0.12213361414006234]], "fy": 2204.0876026029673, "fx": 2181.9879206250935}, {"id": 85, "img_name": "0085_cam0.png", "width": 1907, "height": 1272, "position": [-0.4967750233500561, 0.0581448759196972, -0.2680033492156964], "rotation": [[0.12967174331694284, 0.04090080285805584, 0.990713058009589], [0.1503928292196948, 0.9867781284103057, -0.06042286165310326], [-0.9800853207269461, 0.15683127754571402, 0.12180605271881442]], "fy": 2204.0876026029673, "fx": 2181.9879206250935}, {"id": 86, "img_name": "0086_cam0.png", "width": 1907, "height": 1272, "position": [-0.4188580596186098, 0.05418771267353349, -0.256493703846844], "rotation": [[0.12965424812908982, 0.04058316234822668, 0.9907284102497], [0.14800858957372748, 0.9871760527432689, -0.059807176012704105], [-0.9804505257046253, 0.15439056909033058, 0.12198491226986868]], "fy": 2204.0876026029673, "fx": 2181.9879206250935}, {"id": 87, "img_name": "0087_cam0.png", "width": 1907, "height": 1272, "position": [-0.34026662852572137, 0.05024239168232433, -0.2455075211526164], "rotation": [[0.12988095932087468, 0.03829024596991711, 0.9907899845423612], [0.14736322380620176, 0.9874109811535533, -0.0574772526032717], [-0.9805177288939413, 0.15347120694430033, 0.12260331138973021]], "fy": 2204.0876026029673, "fx": 2181.9879206250935}, {"id": 88, "img_name": "0088_cam0.png", "width": 1907, "height": 1272, "position": [-0.261970478911555, 0.04653279755395982, -0.23475718395753048], "rotation": [[0.13019289126560857, 0.035719048871416685, 0.9908450739705087], [0.14727399894046095, 0.9875680410996386, -0.05495210127654593], [-0.9804897655253658, 0.1530800893204077, 0.12331385142663201]], "fy": 2204.0876026029673, "fx": 2181.9879206250935}, {"id": 89, "img_name": "0089_cam0.png", "width": 1907, "height": 1272, "position": [-0.18342478325160408, 0.04293803736385394, -0.22416497250201436], "rotation": [[0.13061640735343236, 0.03463461745777241, 0.9908278343908369], [0.14738643224290401, 0.9876064479042623, -0.05395130812717516], [-0.9804165409257384, 0.15308150551741806, 0.12389293340514061]], "fy": 2204.0876026029673, "fx": 2181.9879206250935}, {"id": 90, "img_name": "0090_cam0.png", "width": 1907, "height": 1272, "position": [-0.10609313533302239, 0.03963191767969835, -0.21357851607159573], "rotation": [[0.13107116794428494, 0.03510501719588135, 0.9907512234165536], [0.14849810816074255, 0.9874024861142036, -0.05463187977884864], [-0.9801880742012734, 0.15428534662490484, 0.12420696844554058]], "fy": 2204.0876026029673, "fx": 2181.9879206250935}, {"id": 91, "img_name": "0091_cam0.png", "width": 1907, "height": 1272, "position": [-0.028651998141239556, 0.03631973038840853, -0.20300223352736685], "rotation": [[0.13167642733668397, 0.03600683172900345, 0.990638595327623], [0.14970547990158667, 0.9871559899806656, -0.05577921416377054], [-0.9799232560620665, 0.1556488339632886, 0.12459475396093535]], "fy": 2204.0876026029673, "fx": 2181.9879206250935}, {"id": 92, "img_name": "0092_cam0.png", "width": 1907, "height": 1272, "position": [0.04882494696560193, 0.0328218181377155, -0.19209321678869043], "rotation": [[0.13196031883398227, 0.03694360871896247, 0.9905663249010911], [0.1500501808139429, 0.987045353034367, -0.05680153423072864], [-0.9798323415212098, 0.1561302047269579, 0.12470742432181577]], "fy": 2204.0876026029673, "fx": 2181.9879206250935}, {"id": 93, "img_name": "0093_cam0.png", "width": 1907, "height": 1272, "position": [0.12560621875734632, 0.029264022394051886, -0.18106388308067034], "rotation": [[0.1320939132738049, 0.03729390176692034, 0.9905353920819847], [0.1494500144917374, 0.9871194523594907, -0.057095358322007815], [-0.9799060624592704, 0.15557747801175553, 0.12481889717134062]], "fy": 2204.0876026029673, "fx": 2181.9879206250935}, {"id": 94, "img_name": "0094_cam0.png", "width": 1907, "height": 1272, "position": [0.20218781011333042, 0.02574223193759252, -0.16998910175462942], "rotation": [[0.1322778016087851, 0.03696120050683814, 0.9905233227232157], [0.14785947892752513, 0.9873880505769242, -0.056589858359797934], [-0.9801225217761437, 0.15394384442060213, 0.12514445681762257]], "fy": 2204.0876026029673, "fx": 2181.9879206250935}, {"id": 95, "img_name": "0095_cam0.png", "width": 1907, "height": 1272, "position": [0.2793641712787684, 0.022185099424042107, -0.15905248384518306], "rotation": [[0.13259122037069598, 0.03547902079641392, 0.9905356164035378], [0.1469458909382617, 0.9876117870388993, -0.05504419350115267], [-0.9802175643279248, 0.15285351544913664, 0.1257351557754254]], "fy": 2204.0876026029673, "fx": 2181.9879206250935}, {"id": 96, "img_name": "0096_cam0.png", "width": 1907, "height": 1272, "position": [0.35685869220630556, 0.018682428256227863, -0.1485173584841282], "rotation": [[0.13274956482525202, 0.03429122934327218, 0.9905562400130714], [0.1479688828325935, 0.9875158105039695, -0.054016050558722814], [-0.9800422249841997, 0.15374210742283775, 0.1260182592055778]], "fy": 2204.0876026029673, "fx": 2181.9879206250935}, {"id": 97, "img_name": "0097_cam0.png", "width": 1907, "height": 1272, "position": [0.4330571612810856, 0.015385116541269865, -0.1382066432376547], "rotation": [[0.1326589428814542, 0.03453405195873395, 0.9905599447428137], [0.14956975981468057, 0.9872507959954517, -0.05444954320584864], [-0.9798114572827538, 0.15538103185929186, 0.12580239709873525]], "fy": 2204.0876026029673, "fx": 2181.9879206250935}, {"id": 98, "img_name": "0098_cam0.png", "width": 1907, "height": 1272, "position": [0.5087315711998891, 0.0121564853428420