[{"id": 0, "img_name": "frame_0000.png", "width": 1609, "height": 1074, "position": [5.939818811470831, -0.2529707841606234, 1.0442272511197002], "rotation": [[0.3817436991514243, 0.17147235382090797, -0.9082229792475546], [-0.15719325059715028, 0.9803693165101314, 0.11902220470214452], [0.910802959000951, 0.0973305456707966, 0.4012041061037842]], "fy": 1575.619625002908, "fx": 1280.6787256923838}, {"id": 1, "img_name": "frame_0001.png", "width": 1609, "height": 1074, "position": [5.896534800227328, -0.23306359047999617, 0.949759327332505], "rotation": [[0.4023198100555561, 0.16964631000699254, -0.8996437627960706], [-0.15592411303941822, 0.9810210066649696, 0.1152625500972466], [0.9021232961240564, 0.09390374850377882, 0.42113613548021156]], "fy": 1575.619625002908, "fx": 1280.6787256923838}, {"id": 2, "img_name": "frame_0002.png", "width": 1609, "height": 1074, "position": [5.851001996611286, -0.2116269559012808, 0.8562149234657688], "rotation": [[0.4229195664786534, 0.1681974623932985, -0.8904204927639318], [-0.15455857650269395, 0.9816132878560073, 0.11201338997628911], [0.8928889554244519, 0.09024946952184401, 0.4411398265086218]], "fy": 1575.619625002908, "fx": 1280.6787256923838}, {"id": 3, "img_name": "frame_0003.png", "width": 1609, "height": 1074, "position": [5.798732322019019, -0.1880870337377997, 0.7518940867201702], "rotation": [[0.44579122076109023, 0.1666039638671734, -0.879496052700683], [-0.1532015175709676, 0.9822302296173767, 0.10841158166795667], [0.8819294090267595, 0.08641119863502134, 0.4633935932273659]], "fy": 1575.619625002908, "fx": 1280.6787256923838}, {"id": 4, "img_name": "frame_0004.png", "width": 1609, "height": 1074, "position": [5.749887463645309, -0.16921703051247938, 0.6611450203277189], "rotation": [[0.4654293447102103, 0.16498012989738967, -0.8695729307088996], [-0.15204901923539768, 0.9827718408643599, 0.10507428112355158], [0.87192695842724, 0.08331305745870758, 0.48249592083737264]], "fy": 1575.619625002908, "fx": 1280.6787256923838}, {"id": 5, "img_name": "frame_0005.png", "width": 1609, "height": 1074, "position": [5.685619205752946, -0.14809317463478358, 0.5488602032042211], "rotation": [[0.48969453035937366, 0.16284279105965582, -0.8565520955178462], [-0.15028023711519212, 0.9834651764702836, 0.10105492072568889], [0.8588452231157332, 0.07923681007066667, 0.506069570969359]], "fy": 1575.619625002908, "fx": 1280.6787256923838}, {"id": 6, "img_name": "frame_0006.png", "width": 1609, "height": 1074, "position": [5.632826075212481, -0.1326013717360803, 0.4604855490774949], "rotation": [[0.5085448897954972, 0.16163082077268526, -0.8457290185628217], [-0.14914200280808515, 0.9839116694061032, 0.09835898436283225], [0.8480204938922634, 0.07611376079818184, 0.5244691958121834]], "fy": 1575.619625002908, "fx": 1280.6787256923838}, {"id": 7, "img_name": "frame_0007.png", "width": 1609, "height": 1074, "position": [5.577575789602629, -0.11627491121009594, 0.37375351783317545], "rotation": [[0.5270683736032142, 0.15998282371450004, -0.8346283158769523], [-0.14781545616235492, 0.9844081901319368, 0.0953472921517922], [0.8368688788972724, 0.07311642303545418, 0.5424983578000241]], "fy": 1575.619625002908, "fx": 1280.6787256923838}, {"id": 8, "img_name": "frame_0008.png", "width": 1609, "height": 1074, "position": [5.512012628136299, -0.09866636141412569, 0.2782112579686328], "rotation": [[0.547790469370917, 0.15768212833958406, -0.8216215357868181], [-0.14600551082563723, 0.9850248802790627, 0.0916971975567574], [0.8237766641966348, 0.06973042114828511, 0.5626097012063936]], "fy": 1575.619625002908, "fx": 1280.6787256923838}, {"id": 9, "img_name": "frame_0009.png", "width": 1609, "height": 1074, "position": [5.451099481134152, -0.08341753378392694, 0.19492859500541593], "rotation": [[0.5657823873841561, 0.15604512084516944, -0.8096543771179782], [-0.14447463311681163, 0.9854998911978057, 0.08897777719675772], [0.8117988485527972, 0.06663245987902346, 0.5801230427924949]], "fy": 1575.619625002908, "fx": 1280.6787256923838}, {"id": 10, "img_name": "frame_0010.png", "width": 1609, "height": 1074, "position": [5.388641078847989, -0.06585525333730499, 0.11213201235570049], "rotation": [[0.5839430871641941, 0.15420410688128558, -0.7970141556924165], [-0.1426917619376066, 0.9860042697075301, 0.08622436542916412], [0.7991555117924745, 0.06337723202748517, 0.5977740329189973]], "fy": 1575.619625002908, "fx": 1280.6787256923838}, {"id": 11, "img_name": "frame_0011.png", "width": 1609, "height": 1074, "position": [5.325105463411184, -0.04869987802008089, 0.030191239764487447], "rotation": [[0.6016447640742152, 0.15218099265579363, -0.7841329755445687], [-0.14081075975044938, 0.9865159614699579, 0.08341814972477833], [0.7862543531202756, 0.06022626702113944, 0.6149608840894804]], "fy": 1575.619625002908, "fx": 1280.6787256923838}, {"id": 12, "img_name": "frame_0012.png", "width": 1609, "height": 1074, "position": [5.259461001993518, -0.03313955157416531, -0.05003551852611266], "rotation": [[0.6192129498481731, 0.14997468543697984, -0.7707677448287537], [-0.13875127197924253, 0.9870428619118576, 0.08058829488822822], [0.7728670049008858, 0.05704368919458757, 0.631998900520092]], "fy": 1575.619625002908, "fx": 1280.6787256923838}, {"id": 13, "img_name": "frame_0013.png", "width": 1609, "height": 1074, "position": [5.183226758329775, -0.015654395265525638, -0.13945570158825174], "rotation": [[0.6386531813565529, 0.14711995051262966, -0.7552998305999512], [-0.13633864570610918, 0.9876577782772437, 0.07709660625139697], [0.7573202015199236, 0.053738563151802844, 0.6508289169975484]], "fy": 1575.619625002908, "fx": 1280.6787256923838}, {"id": 14, "img_name": "frame_0014.png", "width": 1609, "height": 1074, "position": [5.1138926740659025, 0.0007885900804670441, -0.2171642315769572], "rotation": [[0.6557035959146212, 0.1436255324760247, -0.7412317456272454], [-0.13354146564543792, 0.9883235207010478, 0.07337094371993381], [0.7431147093537468, 0.050875582061178905, 0.6672272505616303]], "fy": 1575.619625002908, "fx": 1280.6787256923838}, {"id": 15, "img_name": "frame_0015.png", "width": 1609, "height": 1074, "position": [5.034889586871774, 0.0172916203272505, -0.30448599312064933], "rotation": [[0.675537198280964, 0.14022282627351704, -0.7238694997930031], [-0.13081139553483254, 0.9889683077091183, 0.06949867009657416], [0.7256292941557246, 0.04774144257173115, 0.6864276233691612]], "fy": 1575.619625002908, "fx": 1280.6787256923838}, {"id": 16, "img_name": "frame_0016.png", "width": 1609, "height": 1074, "position": [4.95455683066361, 0.0309672940122989, -0.3922417493180747], "rotation": [[0.6947182633836574, 0.13714479106045072, -0.7060862842501475], [-0.12815663856436255, 0.9895481214039108, 0.06610893599109034], [0.7077728523425284, 0.04456255952002828, 0.7050331678552049]], "fy": 1575.619625002908, "fx": 1280.6787256923838}, {"id": 17, "img_name": "frame_0017.png", "width": 1609, "height": 1074, "position": [4.870685961184709, 0.04134856308341069, -0.47709838506457114], "rotation": [[0.7131613786931164, 0.1341589403597901, -0.6880423145868805], [-0.1252795768962866, 0.9901061958623827, 0.06320402303341592], [0.6897143434446038, 0.041122981852723735, 0.7229128749789421]], "fy": 1575.619625002908, "fx": 1280.6787256923838}, {"id": 18, "img_name": "frame_0018.png", "width": 1609, "height": 1074, "position": [4.793259118916811, 0.04916586881329731, -0.5505833139893789], "rotation": [[0.7290948836583819, 0.13165060492668673, -0.6716314233607658], [-0.1228307381341352, 0.9905618507244222, 0.06082622509108545], [0.6733002750575661, 0.038148893979319226, 0.7383843182893043]], "fy": 1575.619625002908, "fx": 1280.6787256923838}, {"id": 19, "img_name": "frame_0019.png", "width": 1609, "height": 1074, "position": [4.714486432932613, 0.058654896160144375, -0.6221787240618253], "rotation": [[0.7448980295179827, 0.12874027994279372, -0.654639493110886], [-0.11997477195998305, 0.9910587317978564, 0.058383595473167654], [0.6563025062525488, 0.035050398677839864, 0.7536832821810151]], "fy": 1575.619625002908, "fx": 1280.6787256923838}, {"id": 20, "img_name": "frame_0020.png", "width": 1609, "height": 1074, "position": [4.62339573648799, 0.06700050860138042, -0.7015700173221979], "rotation": [[0.7621184021526025, 0.12522644872734578, -0.6352116793947522], [-0.11662618916082831, 0.9916204449498951, 0.055562803737704405], [0.6368468207522016, 0.03173688227456187, 0.7703368725442811]], "fy": 1575.619625002908, "fx": 1280.6787256923838}, {"id": 21, "img_name": "frame_0021.png", "width": 1609, "height": 1074, "position": [4.541134703957449, 0.07284236834597829, -0.7708569518091376], "rotation": [[0.7770547735128822, 0.12223218655557147, -0.6174505417688829], [-0.11353303308566781, 0.9920918151511868, 0.053517106689283465], [0.6191091417183336, 0.028515309569904206, 0.784787071606637]], "fy": 1575.619625002908, "fx": 1280.6787256923838}, {"id": 22, "img_name": "frame_0022.png", "width": 1609, "height": 1074, "position": [4.456885797798974, 0.07823001843553491, -0.8386767903874564], "rotation": [[0.7916040851387562, 0.1189572283375593, -0.5993430989157031], [-0.11040225481359914, 0.9925680259225408, 0.051186483062463636], [0.6009777986945156, 0.02564940043113164, 0.7988540503332369]], "fy": 1575.619625002908, "fx": 1280.6787256923838}, {"id": 23, "img_name": "frame_0023.png", "width": 1609, "height": 1074, "position": [4.371242462534025, 0.08090101245878256, -0.9036732572934447], "rotation": [[0.8056979506823153, 0.11566378110736508, -0.5809240070837707], [-0.10718093538534286, 0.9930282262693834, 0.04906311162375923], [0.5825487613549961, 0.022733929977679566, 0.8124777591242297]], "fy": 1575.619625002908, "fx": 1280.6787256923838}, {"id": 24, "img_name": "frame_0024.png", "width": 1609, "height": 1074, "position": [4.284047805940414, 0.0848372150735517, -0.9669839186298429], "rotation": [[0.8193295891746999, 0.11250297991729194, -0.5621762213154758], [-0.10392387698549416, 0.9934575023680379, 0.04734996072822087], [0.5638251963996653, 0.019628308597268065, 0.8256608731231542]], "fy": 1575.619625002908, "fx": 1280.6787256923838}, {"id": 25, "img_name": "frame_0025.png", "width": 1609, "height": 1074, "position": [4.185339967152526, 0.09247707027132097, -1.0356948877842853], "rotation": [[0.8340734331631989, 0.10871764388387337, -0.5408345236758596], [-0.1004670742403302, 0.9939286403933375, 0.044857828741922776], [0.5424277602454937, 0.01692133901885386, 0.8399320170114164]], "fy": 1575.619625002908, "fx": 1280.6787256923838}, {"id": 26, "img_name": "frame_0026.png", "width": 1609, "height": 1074, "position": [4.0960194772514145, 0.10107093715131754, -1.0945034921697834], "rotation": [[0.8466181012558003, 0.10511506871277247, -0.521716985496478], [-0.09742355770776462, 0.9943459997430331, 0.04224551098744236], [0.5232078373166683, 0.015061710544867641, 0.8520720062564417]], "fy": 1575.619625002908, "fx": 1280.6787256923838}, {"id": 27, "img_name": "frame_0027.png", "width": 1609, "height": 1074, "position": [3.9945581970461355, 0.1118035460286825, -1.1572986809093535], "rotation": [[0.8599859488910339, 0.10104370585703763, -0.5002142912959049], [-0.09384155946240434, 0.9947987009284895, 0.03961447145493325], [0.5016153201684056, 0.012873000336601569, 0.8649950037050399]], "fy": 1575.619625002908, "fx": 1280.6787256923838}, {"id": 28, "img_name": "frame_0028.png", "width": 1609, "height": 1074, "position": [3.8911106686405663, 0.12430044785836972, -1.2170643510299515], "rotation": [[0.8728874645107118, 0.09665717657568747, -0.4782518839654238], [-0.09013743049056477, 0.9952554586958624, 0.036630800709882255], [0.47952342792049213, 0.011133829193268734, 0.8774584434164822]], "fy": 1575.619625002908, "fx": 1280.6787256923838}, {"id": 29, "img_name": "frame_0029.png", "width": 1609, "height": 1074, "position": [3.7972132223164365, 0.13564261861286905, -1.2668820085266124], "rotation": [[0.8838178964708393, 0.09269885806854469, -0.4585551739874368], [-0.08682327808114305, 0.9956457215480055, 0.033931041044975845], [0.45970386583223893, 0.0098244020652219, 0.888017925980639]], "fy": 1575.619625002908, "fx": 1280.6787256923838}, {"id": 30, "img_name": "frame_0030.png", "width": 1609, "height": 1074, "position": [3.6895097844520857, 0.14858163215642178, -1.3209924643521733], "rotation": [[0.8954884913193183, 0.088427547284305, -0.43621202504737655], [-0.08314802733296822, 0.996047946437388, 0.031223291762694106], [0.43724909086845126, 0.008310070947010847, 0.8993020489555043]], "fy": 1575.619625002908, "fx": 1280.6787256923838}, {"id": 31, "img_name": "frame_0031.png", "width": 1609, "height": 1074, "position": [3.5933596766151346, 0.16205865409717898, -1.3657737543413413], "rotation": [[0.9057391021184835, 0.08371841938927418, -0.4154851443175375], [-0.0791181279422982, 0.9964632085210917, 0.02830893665889753], [0.41638563943117624, 0.007231895934880291, 0.9091593363963644]], "fy": 1575.619625002908, "fx": 1280.6787256923838}, {"id": 32, "img_name": "frame_0032.png", "width": 1609, "height": 1074, "position": [3.4844214182986284, 0.17982229774432915, -1.4145869830490938], "rotation": [[0.9169517991635087, 0.07826554118647613, -0.3912466013572419], [-0.0745817193063462, 0.9969107240400077, 0.024628752289486622], [0.3919655152639246, 0.006596465478990604, 0.9199562606380102]], "fy": 1575.619625002908, "fx": 1280.6787256923838}, {"id": 33, "img_name": "frame_0033.png", "width": 1609, "height": 1074, "position": [3.386533809373748, 0.19446268136130576, -1.4584780561626984], "rotation": [[0.9263692332522612, 0.0734523379802874, -0.3693843495992316], [-0.07042883861806205, 0.9972811075857498, 0.021683430158783202], [0.3699727319337585, 0.005928448175491146, 0.9290236978289099]], "fy": 1575.619625002908, "fx": 1280.6787256923838}, {"id": 34, "img_name": "frame_0034.png", "width": 1609, "height": 1074, "position": [3.299974586027717, 0.20551720174577362, -1.4956288669434818], "rotation": [[0.9342942831103681, 0.06928699320594128, -0.3497048828937955], [-0.06675323660960215, 0.9975826685838135, 0.019308670159796145], [0.35019736999216006, 0.005303952646581453, 0.9366609152392861]], "fy": 1575.619625002908, "fx": 1280.6787256923838}, {"id": 35, "img_name": "frame_0035.png", "width": 1609, "height": 1074, "position": [3.18726771425745, 0.21563779759967866, -1.541426703031069], "rotation": [[0.9438391828412616, 0.06417115735744061, -0.32411365212984483], [-0.06206437261795222, 0.9979299955878574, 0.016844511199755528], [0.3245236672187091, 0.004217400790214291, 0.9458681741899848]], "fy": 1575.619625002908, "fx": 1280.6787256923838}, {"id": 36, "img_name": "frame_0036.png", "width": 1609, "height": 1074, "position": [3.085729996826905, 0.2222551939923694, -1.578818771154821], "rotation": [[0.9516263591609967, 0.059657861757063634, -0.3014103715543991], [-0.05787181235804765, 0.9982134220154157, 0.014859927411275153], [0.3017583899154765, 0.00330206584557714, 0.9533787130394565]], "fy": 1575.619625002908, "fx": 1280.6787256923838}, {"id": 37, "img_name": "frame_0037.png", "width": 1609, "height": 1074, "position": [2.9704259262862505, 0.22456450061137487, -1.6189819556747125], "rotation": [[0.9596153798039992, 0.054827610566980725, -0.2759207421763391], [-0.05331137846703531, 0.9984933315672864, 0.01299860537156477], [0.2762177035773971, 0.0022360534825116604, 0.9610924931010816]], "fy": 1575.619625002908, "fx": 1280.6787256923838}, {"id": 38, "img_name": "frame_0038.png", "width": 1609, "height": 1074, "position": [2.8663371882299375, 0.22869157638319856, -1.6518235332915236], "rotation": [[0.9661165158668504, 0.0505232340171938, -0.25311317743993844], [-0.049235815835369984, 0.9987218664310192, 0.011422256850848682], [0.2533667543469811, 0.0014270027978599451, 0.9673692425618522]], "fy": 1575.619625002908, "fx": 1280.6787256923838}, {"id": 39, "img_name": "frame_0039.png", "width": 1609, "height": 1074, "position": [2.7608560938007978, 0.23214044367910683, -1.6807319423900444], "rotation": [[0.9720529104886636, 0.04584114716210636, -0.23024275979361478], [-0.0448003147308705, 0.9989483903072814, 0.009749118037355935], [0.23044754503038875, 0.0008382895403487961, 0.9730843880466451]], "fy": 1575.619625002908, "fx": 1280.6787256923838}, {"id": 40, "img_name": "frame_0040.png", "width": 1609, "height": 1074, "position": [2.628977178302791, 0.23242996583690773, -1.7141218230202409], "rotation": [[0.978599468669249, 0.04048737765691088, -0.2017519570431234], [-0.039605865106881404, 0.9991800222328003, 0.008405868188120849], [0.20192685648372566, -0.0002354173468995277, 0.9794005764799578]], "fy": 1575.619625002908, "fx": 1280.6787256923838}, {"id": 41, "img_name": "frame_0041.png", "width": 1609, "height": 1074, "position": [2.523433669118632, 0.2366314422061188, -1.7392764452112517], "rotation": [[0.9831917407788104, 0.03621285413925041, -0.17894867995998762], [-0.03544089774599795, 0.9993435567173583, 0.007509887779302762], [0.1791031647718443, -0.0010415577705429632, 0.9838297472256672]], "fy": 1575.619625002908, "fx": 1280.6787256923838}, {"id": 42, "img_name": "frame_0042.png", "width": 1609, "height": 1074, "position": [2.4033677273161174, 0.2441653505288757, -1.7634347523193754], "rotation": [[0.987713778529271, 0.03119607008904295, -0.15312836743866193], [-0.03065518243603787, 0.9995126499114613, 0.0058925764129322735], [0.1532375655420158, -0.0011260008741249695, 0.9881887373517207]], "fy": 1575.619625002908, "fx": 1280.6787256923838}, {"id": 43, "img_name": "frame_0043.png", "width": 1609, "height": 1074, "position": [2.296950421069697, 0.25189578289511483, -1.7824658064688714], "rotation": [[0.9911008301528738, 0.02675950384238121, -0.13039583361593166], [-0.026423227850366795, 0.9996415600726727, 0.0043086431089997945], [0.1304643916946373, -0.0008248209397898765, 0.9914526525105297]], "fy": 1575.619625002908, "fx": 1280.6787256923838}, {"id": 44, "img_name": "frame_0044.png", "width": 1609, "height": 1074, "position": [2.19055574117556, 0.2578746142040792, -1.7992861834927691], "rotation": [[0.9939190872961219, 0.022400942421827098, -0.10781022997405268], [-0.022197658134642067, 0.9997488405304016, 0.0030854224111682912], [0.10785226878365471, -0.0006735255984502249, 0.9941667035671062]], "fy": 1575.619625002908, "fx": 1280.6787256923838}, {"id": 45, "img_name": "frame_0045.png", "width": 1609, "height": 1074, "position": [2.070087873636496, 0.26390079771524233, -1.8147770216047616], "rotation": [[0.9964405090480517, 0.017587722356087264, -0.08244382299714603], [-0.017471683589021115, 0.9998450922902925, 0.0021287779550626215], [0.0824684921689774, -0.0006807681999174704, 0.9965934398509921]], "fy": 1575.619625002908, "fx": 1280.6787256923838}, {"id": 46, "img_name": "frame_0046.png", "width": 1609, "height": 1074, "position": [1.9764004455325759, 0.26993365483049575, -1.8254995543197676], "rotation": [[0.99794380399708, 0.01404001684594788, -0.0625383241764847], [-0.013978524388084335, 0.9999012863409628, 0.0014207144750233622], [0.0625520976448378, -0.0005435997179076128, 0.9980415520305641]], "fy": 1575.619625002908, "fx": 1280.6787256923838}, {"id": 47, "img_name": "frame_0047.png", "width": 1609, "height": 1074, "position": [1.85532850745026, 0.2788341337385742, -1.8360909760807373], "rotation": [[0.9992557507370743, 0.009535022930638008, -0.03737683716686122], [-0.009532281141074513, 0.9999545351323229, 0.0002515642021533379], [0.037377536504341294, 0.00010490954435737735, 0.9993012102258527]], "fy": 1575.619625002908, "fx": 1280.6787256923838}, {"id": 48, "img_name": "frame_0048.png", "width": 1609, "height": 1074, "position": [1.747142743505406, 0.28688227409166384, -1.8425539181440684], "rotation": [[0.9998754424472484, 0.005639991330990353, -0.014740762826449715], [-0.005651664223817684, 0.9999837477079032, -0.000750340961278325], [0.014736291338749628, 0.0008335573425424862, 0.9998910675167254]], "fy": 1575.619625002908, "fx": 1280.6787256923838}, {"id": 49, "img_name": "frame_0049.png", "width": 1609, "height": 1074, "position": [1.638436577889694, 0.29419818168989065, -1.8467108821821234], "rotation": [[0.9999673117171014, 0.0018067743982128834, 0.00788105726076267], [-0.0017944223288014268, 0.9999971511234946, -0.0015741008228439778], [-0.007883878853670725, 0.0015599074230676947, 0.9999677050500442]], "fy": 1575.619625002908, "fx": 1280.6787256923838}, {"id": 50, "img_name": "frame_0050.png", "width": 1609, "height": 1074, "position": [1.5158930770547496, 0.3012654265532086, -1.8480035313575196], "rotation": [[0.9994204238486896, -0.002504646723065889, 0.033949125745717824], [0.0025838822960036283, 0.9999940390710009, -0.002290278311872967], [-0.03394318703932094, 0.002376671466162703, 0.999420938086828]], "fy": 1575.619625002908, "fx": 1280.6787256923838}, {"id": 51, "img_name": "frame_0051.png", "width": 1609, "height": 1074, "position": [1.4066527211348783, 0.30564857734289436, -1.8465709792271747], "rotation": [[0.9983470946143265, -0.006398816900511394, 0.05711509272868876], [0.006559187172257393, 0.9999750538809105, -0.0026208165729998145], [-0.0570968978034033, 0.002991113194739748, 0.9983641607665433]], "fy": 1575.619625002908, "fx": 1280.6787256923838}, {"id": 52, "img_name": "frame_0052.png", "width": 1609, "height": 1074, "position": [1.2693540577951745, 0.30984525168782806, -1.840882625703359], "rotation": [[0.9962492192214197, -0.010949357974778664, 0.08583475263931092], [0.011230842838481334, 0.9999330197799767, -0.002797163354940979], [-0.08579837626580632, 0.0037506684253667396, 0.9963054607481151]], "fy": 1575.619625002908, "fx": 1280.6787256923838}, {"id": 53, "img_name": "frame_0053.png", "width": 1609, "height": 1074, "position": [1.1600001004669327, 0.31405341033054945, -1.8336406672802892], "rotation": [[0.9939804656815645, -0.014646930164294568, 0.10857394383655028], [0.015031983666893421, 0.999883289727287, -0.0027288076474567312], [-0.10852130348691148, 0.004344463246575684, 0.994084630365343]], "fy": 1575.619625002908, "fx": 1280.6787256923838}, {"id": 54, "img_name": "frame_0054.png", "width": 1609, "height": 1074, "position": [1.0510453750135635, 0.3193663048597222, -1.8238376146878388], "rotation": [[0.9911620760551737, -0.018242227687399415, 0.1313961952226898], [0.01874469625084622, 0.9998209529409812, -0.0025881311118178983], [-0.13132545584334232, 0.005028239173858625, 0.9913265564173841]], "fy": 1575.619625002908, "fx": 1280.6787256923838}, {"id": 55, "img_name": "frame_0055.png", "width": 1609, "height": 1074, "position": [0.9284897542102039, 0.324680547580894, -1.8095414263293945], "rotation": [[0.9873382185912859, -0.022305017641149484, 0.15705326579544276], [0.0229465611935155, 0.9997341098064941, -0.0022726677735800177], [-0.15696081497742748, 0.005847724125232901, 0.987587518493514]], "fy": 1575.619625002908, "fx": 1280.6787256923838}, {"id": 56, "img_name": "frame_0056.png", "width": 1609, "height": 1074, "position": [0.8196143660837484, 0.3280947783958809, -1.7937719488379649], "rotation": [[0.9833697866359886, -0.025884786716055288, 0.17976050886708925], [0.026666834420396097, 0.9996425040679185, -0.0019349425874056244], [-0.17964615964023756, 0.00669640780461477, 0.9837085012588986]], "fy": 1575.619625002908, "fx": 1280.6787256923838}, {"id": 57, "img_name": "frame_0057.png", "width": 1609, "height": 1074, "position": [0.697470501420405, 0.3309353550078038, -1.7738711976984625], "rotation": [[0.9781913954871214, -0.02997714226475389, 0.2055309337705557], [0.03093851626447851, 0.9995202164111937, -0.001464648993087097], [-0.2053884174103068, 0.007791529179760469, 0.978649523612376]], "fy": 1575.619625002908, "fx": 1280.6787256923838}, {"id": 58, "img_name": "frame_0058.png", "width": 1609, "height": 1074, "position": [0.6027048412352243, 0.33240347775954665, -1.7569804316705644], "rotation": [[0.9736740584056335, -0.03318360938656739, 0.22551646515494797], [0.03426171851803593, 0.9994125184907326, -0.0008674838337460154], [-0.22535519215694588, 0.008571228155326047, 0.9742389703844817]], "fy": 1575.619625002908, "fx": 1280.6787256923838}, {"id": 59, "img_name": "frame_0059.png", "width": 1609, "height": 1074, "position": [0.4955551976725769, 0.33275865020126066, -1.7347686201781478], "rotation": [[0.9680228621073994, -0.036680877689447416, 0.2481657745325303], [0.03794403413921306, 0.9992798186260411, -0.00030718064539922413], [-0.24797578250837543, 0.009713768508589937, 0.968717530547848]], "fy": 1575.619625002908, "fx": 1280.6787256923838}, {"id": 60, "img_name": "frame_0060.png", "width": 1609, "height": 1074, "position": [0.38916163377783464, 0.3316781546927665, -1.71080266790028], "rotation": [[0.9619111840214438, -0.040263263656909215, 0.27038073831942655], [0.04176348200956379, 0.9991275041894375, 0.0002047989798215527], [-0.27015307813330725, 0.011095042671369414, 0.9627534546306336]], "fy": 1575.619625002908, "fx": 1280.6787256923838}, {"id": 61, "img_name": "frame_0061.png", "width": 1609, "height": 1074, "position": [0.28299513307405133, 0.33021344065705555, -1.6843409070570625], "rotation": [[0.9552391213858388, -0.04362233094257909, 0.2926009453456135], [0.04536757517993427, 0.9989700232922204, 0.0008220011155421036], [-0.2923354307919305, 0.01248938776229834, 0.9562342867190128]], "fy": 1575.619625002908, "fx": 1280.6787256923838}, {"id": 62, "img_name": "frame_0062.png", "width": 1609, "height": 1074, "position": [0.16459606420796563, 0.3288530383476785, -1.6514066909892198], "rotation": [[0.9471192853961098, -0.04748629854477568, 0.3173485633830392], [0.04957882862394613, 0.9987691119618377, 0.001483490222276598], [-0.3170283882920263, 0.014328727838808477, 0.9483078026545396]], "fy": 1575.619625002908, "fx": 1280.6787256923838}, {"id": 63, "img_name": "frame_0063.png", "width": 1609, "height": 1074, "position": [0.04628956895601429, 0.3277751221042523, -1.615195552062515], "rotation": [[0.938365174345109, -0.05127946304291695, 0.3418204444533758], [0.0537702844888393, 0.9985509276942814, 0.0021911884627360653], [-0.34143748488158504, 0.016323647598501193, 0.9397627266745672]], "fy": 1575.619625002908, "fx": 1280.6787256923838}, {"id": 64, "img_name": "frame_0064.png", "width": 1609, "height": 1074, "position": [-0.057479277383556564, 0.32617272539108, -1.5799421330903067], "rotation": [[0.9300354027848144, -0.054729851102897686, 0.363371425631051], [0.057652219118675005, 0.9983327812577077, 0.0028070441646020714], [-0.3629192350889934, 0.018338518601686216, 0.9316401276984131]], "fy": 1575.619625002908, "fx": 1280.6787256923838}, {"id": 65, "img_name": "frame_0065.png", "width": 1609, "height": 1074, "position": [-0.173257286002023, 0.3227056591058027, -1.538420423771566], "rotation": [[0.9199999383074112, -0.05829852470743197, 0.3875582479206143], [0.06170847819496602, 0.9980875357536966, 0.003651669751571665], [-0.38702994358734155, 0.02055609374492349, 0.9218379845595044]], "fy": 1575.619625002908, "fx": 1280.6787256923838}, {"id": 66, "img_name": "frame_0066.png", "width": 1609, "height": 1074, "position": [-0.27551864904831574, 0.31975448385374383, -1.4990934742183497], "rotation": [[0.9105851006731873, -0.06142613887032735, 0.4087317016032458], [0.06527835832334705, 0.997856794943374, 0.0045335107748622665], [-0.4081341818159932, 0.022553187110037117, 0.912643327584533]], "fy": 1575.619625002908, "fx": 1280.6787256923838}, {"id": 67, "img_name": "frame_0067.png", "width": 1609, "height": 1074, "position": [-0.3897047672741618, 0.31632626816130366, -1.453046002063845], "rotation": [[0.8992578720714742, -0.06518488642612606, 0.43253463456594676], [0.06958192318114294, 0.9975601102325069, 0.0056729568412173925], [-0.43184908878437794, 0.02499514061816498, 0.9015994717509436]], "fy": 1575.619625002908, "fx": 1280.6787256923838}, {"id": 68, "img_name": "frame_0068.png", "width": 1609, "height": 1074, "position": [-0.48989081268330187, 0.31267149792113125, -1.4091632424112128], "rotation": [[0.8886180504475285, -0.06830504983395262, 0.45353321883409503], [0.07312097559578885, 0.9972989867135064, 0.006932101278374935], [-0.4527817171074313, 0.027002801102753084, 0.8912124131686292]], "fy": 1575.619625002908, "fx": 1280.6787256923838}, {"id": 69, "img_name": "frame_0069.png", "width": 1609, "height": 1074, "position": [-0.5881066989930407, 0.3096317361235506, -1.363210896521171], "rotation": [[0.8776154138536905, -0.07140731687085865, 0.4740170676924203], [0.07660361091150153, 0.9970265125737443, 0.008367796624972525], [-0.4732051058069166, 0.028967711720852263, 0.8804758937733178]], "fy": 1575.619625002908, "fx": 1280.6787256923838}, {"id": 70, "img_name": "frame_0070.png", "width": 1609, "height": 1074, "position": [-0.6844902977754103, 0.30543082043141595, -1.3126855125130115], "rotation": [[0.8661613660763525, -0.07431618616178128, 0.4942080456559911], [0.07994284201360133, 0.996751509737999, 0.009775983112103715], [-0.49332912941314866, 0.03104081682860847, 0.8692886964427166]], "fy": 1575.619625002908, "fx": 1280.6787256923838}, {"id": 71, "img_name": "frame_0071.png", "width": 1609, "height": 1074, "position": [-0.7799475491131785, 0.2994849843437604, -1.260985639923137], "rotation": [[0.8541314865029153, -0.0772018618639798, 0.5142949312301797], [0.08329082136161807, 0.9964617442942966, 0.011253054468683434], [-0.5133439810119792, 0.03322445910324371, 0.8575395573826725]], "fy": 1575.619625002908, "fx": 1280.6787256923838}, {"id": 72, "img_name": "frame_0072.png", "width": 1609, "height": 1074, "position": [-0.8870329031946536, 0.29186132886768734, -1.2013806496428088], "rotation": [[0.8400451927368774, -0.08078645317945694, 0.5364677279597962], [0.08732750704014759, 0.9960914485052604, 0.013256422173616413], [-0.5354418555490553, 0.03571239557038407, 0.8438167124019341]], "fy": 1575.619625002908, "fx": 1280.6787256923838}, {"id": 73, "img_name": "frame_0073.png", "width": 1609, "height": 1074, "position": [-0.9804566069178654, 0.2865668571843754, -1.1459075056370394], "rotation": [[0.8271896326731502, -0.08364504279935825, 0.5556625040554315], [0.09062733101177878, 0.9957721630052156, 0.014982865466785213], [-0.5545664959873976, 0.037964538704004167, 0.8312729367237045]], "fy": 1575.619625002908, "fx": 1280.6787256923838}, {"id": 74, "img_name": "frame_0074.png", "width": 1609, "height": 1074, "position": [-1.0842886250847887, 0.27842677761605855, -1.080711431618099], "rotation": [[0.8118878761926417, -0.08674016246916293, 0.5773337169317453], [0.09437600861306579, 0.9953943130354577, 0.01683242629379434], [-0.576134745948956, 0.04082040900692582, 0.8163347651048798]], "fy": 1575.619625002908, "fx": 1280.6787256923838}, {"id": 75, "img_name": "frame_0075.png", "width": 1609, "height": 1074, "position": [-1.186012540987789, 0.2670931827512931, -1.0139837035983426], "rotation": [[0.7962120439340595, -0.09008989610335928, 0.5982726733809869], [0.09807227098065871, 0.9949919444686948, 0.01930958588633756], [-0.5970160891961316, 0.043299434898062164, 0.8010598905066122]], "fy": 1575.619625002908, "fx": 1280.6787256923838}, {"id": 76, "img_name": "frame_0076.png", "width": 1609, "height": 1074, "position": [-1.2757508969631908, 0.2574414160810026, -0.953310167556322], "rotation": [[0.7817159901178714, -0.09292176714860911, 0.6166730543683709], [0.10116362054037273, 0.9946345211623938, 0.021635415207917227], [-0.6153747091595491, 0.04547212884872625, 0.7869220119076383]], "fy": 1575.619625002908, "fx": 1280.6787256923838}, {"id": 77, "img_name": "frame_0077.png", "width": 1609, "height": 1074, "position": [-1.3748127541947783, 0.24529477351329124, -0.8827434615215604], "rotation": [[0.7648884478800779, -0.09601978092885338, 0.636966140363819], [0.10465232405485252, 0.9942143007959816, 0.024203618792983956], [-0.6356048720467172, 0.04814691852167651, 0.7705117266254572]], "fy": 1575.619625002908, "fx": 1280.6787256923838}, {"id": 78, "img_name": "frame_0078.png", "width": 1609, "height": 1074, "position": [-1.46082129370582, 0.23386998142940763, -0.8167297046542159], "rotation": [[0.7495667784629002, -0.09878727618443628, 0.6545156367030579], [0.10791881175182647, 0.9938089546839723, 0.02640628069274361], [-0.6530721052799784, 0.050841279035937235, 0.7555871820320714]], "fy": 1575.619625002908, "fx": 1280.6787256923838}, {"id": 79, "img_name": "frame_0079.png", "width": 1609, "height": 1074, "position": [-1.5548717541688986, 0.21932440295222722, -0.7406044787720778], "rotation": [[0.7312312595385199, -0.10198797209231324, 0.6744622292035389], [0.11159350817951375, 0.9933243148647778, 0.02921804973999537], [-0.6729396213672505, 0.05390045497876228, 0.7377309854867043]], "fy": 1575.619625002908, "fx": 1280.6787256923838}, {"id": 80, "img_name": "frame_0080.png", "width": 1609, "height": 1074, "position": [-1.6373414696847066, 0.20460379301831025, -0.6721873077659276], "rotation": [[0.7147437959973046, -0.10481351866645015, 0.6914878396531071], [0.11461607723310363, 0.992893403760068, 0.032028793443429106], [-0.6899307653113163, 0.0563632422284624, 0.7216777147747027]], "fy": 1575.619625002908, "fx": 1280.6787256923838}, {"id": 81, "img_name": "frame_0081.png", "width": 1609, "height": 1074, "position": [-1.709144096815382, 0.19214362229944457, -0.6115726136482821], "rotation": [[0.6999011101467345, -0.10728509408392713, 0.7061362082507677], [0.11719909397994444, 0.992504492849355, 0.03462952561218176], [-0.7045585911658793, 0.05852128041360257, 0.7072287121950745]], "fy": 1575.619625002908, "fx": 1280.6787256923838}, {"id": 82, "img_name": "frame_0082.png", "width": 1609, "height": 1074, "position": [-1.7983350071481632, 0.17582770026483713, -0.5312177140767316], "rotation": [[0.6806359945534615, -0.11033277901200825, 0.7242660566350653], [0.12053668397245319, 0.9919873735011653, 0.037841229250439916], [-0.7226379112218961, 0.06154452607459706, 0.6884814598630146]], "fy": 1575.619625002908, "fx": 1280.6787256923838}, {"id": 83, "img_name": "frame_0083.png", "width": 1609, "height": 1074, "position": [-1.8766688160663283, 0.16124475756825196, -0.45781091314552647], "rotation": [[0.6630103403083959, -0.11293152751077629, 0.7400430789746149], [0.1233612405641042, 0.9915232672336336, 0.04078743508515758], [-0.7383761189059613, 0.06425014107707092, 0.6713215521647925]], "fy": 1575.619625002908, "fx": 1280.6787256923838}, {"id": 84, "img_name": "frame_0084.png", "width": 1609, "height": 1074, "position": [-1.96286552607352, 0.14506251124327035, -0.37169338034694926], "rotation": [[0.6424416245950465, -0.11583736016405102, 0.7575291842417039], [0.1265477044183982, 0.9909747316434067, 0.04421266504873727], [-0.7558137584710345, 0.06745952293414209, 0.6513023685442783]], "fy": 1575.619625002908, "fx": 1280.6787256923838}, {"id": 85, "img_name": "frame_0085.png", "width": 1609, "height": 1074, "position": [-2.0353898188134587, 0.13216309200688067, -0.2929162177146795], "rotation": [[0.6238348687015713, -0.11816802256017755, 0.772571275052542], [0.1293772263251351, 0.9904796002830197, 0.04702865862007932], [-0.7707733712969772, 0.07061501162930274, 0.6331839623933042]], "fy": 1575.619625002908, "fx": 1280.6787256923838}, {"id": 86, "img_name": "frame_0086.png", "width": 1609, "height": 1074, "position": [-2.1071988874214793, 0.11886988830075186, -0.21337448208043253], "rotation": [[0.6048553336913912, -0.1205053861499806, 0.7871648348433254], [0.13212661856706542, 0.9899696437075723, 0.05002660495711816], [-0.7852977664371069, 0.07374656904796602, 0.6147103883802066]], "fy": 1575.619625002908, "fx": 1280.6787256923838}, {"id": 87, "img_name": "frame_0087.png", "width": 1609, "height": 1074, "position": [-2.192988192028878, 0.09918099265470227, -0.11154068144934917], "rotation": [[0.5808674971455575, -0.12336642101357362, 0.8045953498039604], [0.13546299426188646, 0.9893155680404812, 0.05389326505551514], [-0.8026473247606696, 0.07768804926783518, 0.5913728426766811]], "fy": 1575.619625002908, "fx": 1280.6787256923838}, {"id": 88, "img_name": "frame_0088.png", "width": 1609, "height": 1074, "position": [-2.259450280117378, 0.08087404495711879, -0.028578434272717976], "rotation": [[0.5613253391667997, -0.1256380658748996, 0.8180030195619646], [0.13798505784780168, 0.9887823132582407, 0.05718094786221446], [-0.8160110216290073, 0.08077507902129755, 0.5723647431394485]], "fy": 1575.619625002908, "fx": 1280.6787256923838}, {"id": 89, "img_name": "frame_0089.png", "width": 1609, "height": 1074, "position": [-2.3333884105959206, 0.05938865014820942, 0.06764744122089124], "rotation": [[0.5388638670576649, -0.1279020122178626, 0.8326264516878387], [0.14013680854692448, 0.9882443787877189, 0.06111237750863865], [-0.8306548065652434, 0.08375036158189084, 0.550452967350491]], "fy": 1575.619625002908, "fx": 1280.6787256923838}, {"id": 90, "img_name": "frame_0090.png", "width": 1609, "height": 1074, "position": [-2.397703264239658, 0.04277773814795182, 0.15480821152581403], "rotation": [[0.5184219043217974, -0.13021685996548354, 0.8451522339200735], [0.14265576742469796, 0.9876575622505909, 0.06466739324954006], [-0.8431417799752491, 0.08704084736461286, 0.5305995003297861]], "fy": 1575.619625002908, "fx": 1280.6787256923838}, {"id": 91, "img_name": "frame_0091.png", "width": 1609, "height": 1074, "position": [-2.458801773234462, 0.02748088752493396, 0.24343734744039047], "rotation": [[0.49815508010892207, -0.1321347399874644, 0.8569608664636434], [0.1450062076920424, 0.9870976310247868, 0.06790777979014143], [-0.8548770179929073, 0.09043603990500282, 0.5108880570084359]], "fy": 1575.619625002908, "fx": 1280.6787256923838}, {"id": 92, "img_name": "frame_0092.png", "width": 1609, "height": 1074, "position": [-2.5258229747351737, 0.007940214547021157, 0.3438929890039847], "rotation": [[0.47484792666761727, -0.13432813889520517, 0.8697559414228889], [0.147600620386436, 0.9864399206479706, 0.07176586802627379], [-0.8676021573284637, 0.09429864290102916, 0.48823586773814537]], "fy": 1575.619625002908, "fx": 1280.6787256923838}, {"id": 93, "img_name": "frame_0093.png", "width": 1609, "height": 1074, "position": [-2.5764593128964712, -0.006650685073590567, 0.42278324729688815], "rotation": [[0.45676628377981726, -0.1360134567798757, 0.8791273523083923], [0.14957711506217758, 0.9859151666322724, 0.07481958870599646], [-0.8769214609368684, 0.09732226764336759, 0.47067730725955026]], "fy": 1575.619625002908, "fx": 1280.6787256923838}, {"id": 94, "img_name": "frame_0094.png", "width": 1609, "height": 1074, "position": [-2.6393711597940226, -0.02657016559944649, 0.5247860647559103], "rotation": [[0.4331215160314768, -0.1377540109708952, 0.8907466445696136], [0.15175797917491182, 0.9852888784431016, 0.07858334284746275], [-0.8884679330776899, 0.1011417741478036, 0.44765508308841134]], "fy": 1575.619625002908, "fx": 1280.6787256923838}, {"id": 95, "img_name": "frame_0095.png", "width": 1609, "height": 1074, "position": [-2.6932057299704257, -0.04649145084826603, 0.6153964767726817], "rotation": [[0.41244507966454286, -0.13923073277574297, 0.9002798783218685], [0.1534006035393195, 0.9847544739526112, 0.08201756436330224], [-0.8979740035737566, 0.10427573582116582, 0.4275152158984205]], "fy": 1575.619625002908, "fx": 1280.6787256923838}, {"id": 96, "img_name": "frame_0096.png", "width": 1609, "height": 1074, "position": [-2.7447272807786542, -0.06760680263469025, 0.7071349987363764], "rotation": [[0.39185469525515987, -0.140879603017585, 0.9091770098611673], [0.15504444244835985, 0.9841851720996533, 0.08567828129142804], [-0.9068688541748264, 0.10738940577535325, 0.4075001801899644]], "fy": 1575.619625002908, "fx": 1280.6787256923838}, {"id": 97, "img_name": "frame_0097.png", "width": 1609, "height": 1074, "position": [-2.799449555524395, -0.091348380216215, 0.8127968904845468], "rotation": [[0.36799841838997044, -0.1422918560968082, 0.918874415658095], [0.1569875758496439, 0.9835427778156175, 0.08943436272256429], [-0.916478076710694, 0.11134016299280382, 0.3842802402068096]], "fy": 1575.619625002908, "fx": 1280.6787256923838}, {"id": 98, "img_name": "frame_0098.png", "width": 1609, "height": 1074, "position